79.844
110.196
117.105
122.939
99.3567
103.365
101.779
94.2161
96.8298
107.357
103.38
68.9345
96.4813
83.2135
112.185
108.252
114.854
108.101
107.374
79.4183
111.013
94.5813
93.567
90.5448
107.487
99.5537
92.0142
107.099
84.2865
114.3
89.898
100.239
131.01
107.099
98.2154
105.916
115.044
97.0435
110.01
131.019
107.287
99.8192
81.0487
98.7047
91.1668
89.9601
80.1092
98.1545
127.059
102.453
96.0757
96.6658
118.498
84.9203
82.0308
98.0257
86.7179
102.827
99.4546
105.756
113.025
103.723
101.39
111.317
117.627
75.0611
108.52
98.2155
91.8209
98.5611
91.5607
88.2655
106.523
99.1294
103.793
113.33
77.1136
105.82
98.2526
114.707
121.745
97.3491
82.9021
131.987
66.1922
112.592
96.2553
109.19
83.3772
101.933
85.0398
111.307
73.879
112.535
85.249
92.9583
117.029
82.5369
84.8573
83.9789
90.281
112.304
92.9772
83.6078
86.5782
112.857
98.8487
96.4262
96.3299
94.7544
104.722
93.6094
88.8852
116.807
97.9368
112.594
117.323
100.79
105.908
107.981
104.384
82.7898
81.8775
95.662
132.59
93.8253
111.338
114.114
93.8795
100.768
91.1233
88.5041
104.93
83.2478
113.73
75.604
100.618
88.585
87.0901
126.409
111.521
89.8099
98.6272
107.846
124.815
105.275
117.599
93.4853
123.028
93.9877
99.7081
95.3487
89.7703
120.329
96.6599
123.183
72.6262
90.488
111.777
110.113
93.1252
124.122
101.471
122.304
104.587
91.6495
80.9544
147.388
104.603
89.6008
96.668
84.1346
83.118
119.619
97.3175
113.407
108.647
103.366
120.376
95.1696
90.6552
121.077
98.4513
91.0349
90.0298
105.425
98.7884
99.7906
88.2438
92.3579
108.622
114.962
107.432
100.675
97.1385
118.413
84.6008
94.6981
127.156
96.0864
112.403
93.861
83.279
126.075
90.5643
89.9446
103.982
107.628
100.454
124.018
86.5982
93.9848
93.3661
92.2447
88.3008
94.8989
80.3499
105.94
90.2616
99.8573
104.158
124.232
118.425
109.907
94.7924
87.4758
112.439
74.5959
88.971
120.085
86.9524
96.7337
102.262
89.7181
99.5338
94.6947
108.906
79.5051
104.134
97.7386
119.881
119.447
84.9703
90.7225
106.727
93.0981
121.938
102.41
108.437
95.7573
103.626
95.515
119.087
83.5046
88.889
109.936
97.3235
100.089
100.984
88.023
98.5156
103.115
104.786
87.6866
105.37
109.833
94.5333
95.4963
109.139
85.9247
75.9237
124.871
87.9188
96.5022
111.552
95.8702
111.359
86.6477
69.7183
90.2768
96.4666
107.976
88.1444
117.695
124.981
122.237
125.75
113.69
76.9129
113.042
87.9581
98.7393
88.1043
92.6072
80.5365
98.2863
107.79
96.7625
92.9561
68.5512
92.4257
86.9839
110.579
102.761
106.279
95.5553
87.9299
120.337
86.7802
93.4084
101.006
122.849
97.4467
117.16
82.816
86.8176
125.814
111.44
104.419
91.053
101.422
88.7529
92.6565
91.986
104.55
89.8082
79.3856
104.997
104.924
104.231
86.2087
80.1783
120.015
102.385
126.534
89.0026
114.971
94.3634
102.594
93.941
80.4582
105.695
103.566
90.1676
105.72
100.565
130.185
137.139
128.925
98.6438
105.601
73.5173
108.216
100.118
97.3845
111.191
113.572
92.708
102.673
123.24
81.605
101.339
77.2117
112.466
87.2143
83.8574
85.1723
102.498
117.253
115.026
87.7942
110.304
90.1962
110.701
116.529
100.999
112.864
118.921
99.8163
96.1685
101.229
100.04
128.154
108.232
103.455
93.4032
152.099
121.392
98.4955
117.472
86.0876
107.016
94.3437
95.4407
104.886
87.1378
122.301
99.241
97.9391
72.4539
85.6627
78.2815
119.587
75.2454
85.3413
117.585
123.484
96.9402
100.134
98.145
107.933
98.427
92.9263
105.686
84.2078
114.784
99.8604
107.98
110.387
108.725
91.0549
92.3198
98.209
90.4416
92.1842
104.627
105.481
96.4105
81.3935
78.4964
104.601
104.079
103.842
93.6632
111.46
119.226
111.836
97.3876
116.143
92.7873
117.633
94.6136
90.3372
103.997
99.417
80.9277
90.7
94.4848
108.732
107.02
103.413
82.2454
102.409
89.5242
91.1658
88.5214
93.7562
92.1851
96.3402
90.3661
93.4413
91.5565
117.201
90.3375
84.3635
95.878
94.3156
87.957
133.881
99.3035
114.773
101.187
88.3722
93.4955
101.389
88.8366
105.666
87.417
75.1255
76.68
96.7525
93.4531
91.959
130.371
104.738
95.5619
96.8373
103.04
134.449
81.0747
110.194
94.237
85.8114
108.676
97.6664
111.211
95.3872
90.6479
94.6096
95.3389
108.088
92.2915
143.697
93.8064
92.9525
105.998
85.3993
95.9373
89.1704
134.955
111.035
96.6004
114.011
99.0609
97.1116
84.8484
101.607
108.889
90.6658
113.896
98.8653
97.4223
82.1365
121.499
130.664
113.075
94.6115
111.044
125.561
115.979
130.998
107.982
95.4489
94.2069
97.3835
108.382
91.5494
79.9443
99.8073
94.362
108.812
85.8252
82.3769
111.891
107.993
100.004
92.7783
93.8107
101.43
85.7526
98.0283
107.683
104.193
99.3348
95.4361
102.304
109.577
101.615
98.3769
89.8049
102.073
72.502
135.886
73.7372
83.1628
89.8036
104.323
98.0753
119.172
92.2636
90.6164
75.0298
93.6819
102.586
92.1385
101.712
109.779
86.3283
101.876
87.5421
90.2413
82.2218
92.1429
120.646
106.698
108.426
121.072
94.9227
116.344
96.183
116.282
108.067
88.828
83.4589
95.5271
88.6306
107.998
75.0948
105.582
101.136
110.753
77.6103
109.444
131.126
103.209
110.732
137.709
124.339
91.7209
111.56
113.309
110.585
139.075
103.885
92.8128
105.743
94.2559
105.365
90.6714
106.361
105.246
100.215
113.945
105.566
104.484
109.459
145.137
88.3469
110.748
107.758
85.5705
105.491
127.235
91.0642
100.362
94.729
107.347
86.4075
93.0547
85.8456
124.831
91.8738
83.4757
97.1029
98.1314
79.4041
80.8846
105.407
113.632
78.0026
122.219
110.813
105.508
92.118
93.8434
113.301
96.5066
102.082
118.149
105.256
124.611
97.1776
104.653
95.3731
97.1235
100.437
113.755
111.101
97.2387
90.9103
112.56
109.537
81.7004
119.59
94.6154
121.075
120.012
110.961
96.9946
88.7307
143.439
97.2896
87.7417
126.794
116.528
72.1269
105.848
128.392
107.715
101.719
95.3572
89.1597
95.5869
103.037
88.5478
120.549
87.4722
102.064
85.9979
91.3352
85.1744
87.2062
135.047
102.701
93.9101
110.24
118.017
70.35
89.9407
108.496
73.8651
102.684
100.656
105.168
115.338
99.3236
91.5899
85.0229
120.704
106.476
106.251
95.7695
111.206
94.1603
99.1684
115.572
118.554
97.7894
104.73
76.9827
95.7249
83.6336
131.063
105.701
110.974
88.2849
101.548
102.686
110.953
92.2939
116.855
98.4171
96.1761
93.7209
103.893
97.3399
119.416
95.4909
84.7914
107.552
95.4781
121.642
103.583
120.223
93.8532
104.649
127.179
72.9671
112.524
96.5634
88.9507
89.856
90.5256
94.3205
93.9663
106.369
124.527
117.545
104.335
110.651
96.2191
115.65
106.471
100.752
103.422
88.7515
94.5102
121.008
115.007
63.5566
80.5298
92.4094
104.271
73.0474
85.7917
89.6714
110.145
110.399
103.637
80.8794
112.539
81.283
112.941
81.4078
129.755
108.89
106.909
108.923
77.745
80.2445
112.949
106.953
109.015
92.1996
112.795
90.5417
93.9729
104.942
98.7484
99.4351
90.9476
112.211
90.5129
101.981
79.9228
91.3797
107.215
92.8018
89.9332
84.1436
97.5452
70.3319
92.4778
99.4787
73.2636
99.1886
108.212
101.682
88.6348
94.1744
78.3363
78.3667
115.839
78.9299
116.939
106.025
104.29
77.2822
91.5315
91.1578
102.659
102.489
83.5723
114.619
82.0155
82.7348
130.073
111.458
103.207
100.365
96.8789
78.8862
100.291
124.613
97.1541
82.4602
113.306
77.887
83.0528
118.005
82.9624
82.6518
73.6788
80.2056
117.822
120.231
104.735
90.8632
94.375
94.0503
109.834
98.3236
96.1157
97.5228
116.008
112.71
110.266
112.495
77.8674
105.548
99.5939
100.585
101.302
92.762
110.978
97.7276
101.143
114.58
136.88
98.542
81.4212
106.366
92.8904
158.671
116.094
83.2411
106.894
98.5079
85.0014
108.297
93.0055
94.4588
95.5921
104.462
94.3059
114.419
110.879
99.4339
79.3417
86.6049
125.87
100.37
118.496
101.76
92.1339
124.412
146.823
126.803
102.824
97.9345
99.8239
93.875
81.1743
108.493
98.2488
85.8821
113.013
103.347
120.724
96.3652
76.894
76.3345
98.4094
83.4815
102.371
97.6985
91.694
113.099
117.53
84.807
109.285
106.248
96.9774
106.931
94.6909
86.9723
95.054
91.9845
101.176
90.9855
106.946
124.614
76.4209
90.7913
100.332
116.845
94.0363
87.8206
148.146
72.3298
96.2871
94.9861
117.812
84.399
107.299
101.269
99.0203
86.4483
103.79
105.167
93.7411
103.558
85.1136
99.0153
103.686
95.5177
93.2448
106.756
116.185
100.61
107.695
98.3698
111.343
91.047
96.4739
80.753
88.711
83.4211
109.529
111.007
87.5632
99.4575
84.7824
95.1087
74.4471
97.2262
105.551
106.875
110.277
91.2467
95.9268
94.6071
116.425
81.2205
92.0578
121.831
98.1479
118.262
92.3397
97.5181
101.721
101.246
108.71
106.072
94.6168
89.6316
96.6645
88.1716
87.5579
109.95
112.384
81.7568
115.532
72.4039
94.7641
107.788
99.5146
118.673
90.6185
99.0671
110.316
104.879
123.229
104.002
87.3332
85.3732
117.195
107.502
91.2076
101.983
125.786
89.5068
71.2149
111.267
86.4787
141.812
101.789
77.4453
89.8733
115.561
107.515
120.61
98.5026
111.116
90.5462
79.2572
117.784
118.321
116.753
87.2893
114.557
87.2554
100.518
106.98
97.8811
81.8539
83.8471
108.856
134.025
98.4862
117.153
118.066
82.1326
115.254
96.3281
84.0912
90.451
138.833
122.521
82.2007
109.615
93.3068
67.006
98.2939
85.8577
101.201
100.564
114.597
120.422
109.932
94.2162
89.7741
97.3646
93.5643
107.666
80.0323
83.0937
87.1129
104.525
106.001
102.46
82.0444
117.95
118.155
107.747
114.754
101.999
74.7473
92.32
107.556
80.7419
78.3618
83.2917
102.443
98.3065
95.8547
96.2323
101.556
101.209
113.468
131.069
106.762
110.95
93.5481
111.728
102.043
81.8702
110.856
91.3644
94.8679
82.5002
90.6638
109.579
138.541
84.4674
104.095
99.504
104.7
85.2975
89.8002
104.85
102.458
86.7689
87.4604
99.5533
73.9005
88.3451
95.3692
94.0639
93.2343
98.3758
104.403
102.473
69.3626
104.24
95.257
113.768
98.1061
126.139
100.208
97.0362
83.3845
81.1741
82.5785
105.737
93.6178
101.981
101.254
160.824
85.1629
103.856
104.367
77.1804
81.05
109.358
99.8948
101.391
82.1349
119.22
93.6357
121.52
82.0209
114.519
85.3278
102.954
117.69
92.8147
89.9703
78.2935
122.06
104.612
87.0019
98.9095
81.6535
110.845
110.934
106.393
101.203
110.843
111.21
111.635
124.773
79.9654
90.5694
87.5697
101.159
120.516
101.386
105.981
98.8312
87.1248
98.4085
87.774
109.331
92.8781
113.733
108.792
109.093
94.2888
85.1152
83.8673
78.7374
120.963
94.051
103.637
85.0539
88.6402
80.4745
115.446
101.8
86.9199
96.7749
101.807
85.368
85.5457
89.9489
97.6444
81.0221
100.076
104.708
105.56
125.53
84.6542
94.2772
112.84
113.733
93.9412
82.7642
105.009
97.8564
102.141
113.577
94.9413
134.188
83.675
120.213
86.1417
123.952
112.972
125.184
108.701
101.405
108.038
114.167
119.641
121.841
85.1991
115.347
91.1825
122.049
102.455
87.9726
94.5615
109.834
82.383
97.1975
86.562
96.2584
108.378
96.0346
87.2816
102.633
90.9535
100.229
117.042
87.3502
84.1749
123.026
122.003
98.8054
80.3771
133.454
118.612
95.1406
114.03
91.041
102.441
73.2418
118.623
104.69
114.356
117.358
89.9287
91.83
111.101
92.7155
71.3842
105.378
91.0435
99.7383
97.347
76.4911
93.8873
127.614
119.685
111.601
96.4693
98.9829
80.8214
98.1854
81.0809
93.1807
113.807
126.431
97.5073
102.278
83.0966
117.32
108.894
107.205
116.741
102.04
131.015
86.1498
98.7985
72.9612
117.809
102.202
78.3892
103.832
100.794
110.781
100.593
104.835
109.244
94.6107
95.8287
96.4889
103.762
93.4027
106.727
108.939
75.8649
105.042
80.6284
90.9141
88.5408
84.5922
82.0938
121.495
106.314
90.7225
98.6816
91.163
94.1975
84.0533
113.624
113.071
105.215
91.6324
101.484
111.63
91.2113
113.282
121.368
110.865
76.6788
90.5175
89.4071
118.771
91.7082
96.9682
106.353
98.0753
95.9469
127.495
97.4725
85.4072
114.499
93.7638
112.858
115.812
92.1253
93.1577
106.103
110.17
110.507
94.579
103.712
96.2217
96.2319
93.7007
119.06
120.186
96.8772
159.794
123.309
78.2154
111.182
110.06
93.1457
108.009
97.9248
107.434
95.2582
92.2253
90.0643
96.3412
93.2982
101.983
102.293
95.9626
103.593
90.3157
119.916
109.871
103.314
87.5218
106.45
86.1998
94.1697
100.483
81.2915
80.9842
74.9943
117.026
122.425
124.085
100.31
123.623
96.1895
112.298
73.8554
86.1425
92.2166
124.777
132.279
108.203
108.081
112.596
109.381
108.311
98.4966
99.9228
100.746
88.5628
84.3286
86.4769
86.9693
79.1914
88.7881
120.948
86.4607
140.9
131.74
111.252
80.0532
126.287
91.331
86.6152
82.3185
78.4983
82.6169
104.125
107.958
106.247
103.324
102.254
104.938
94.9584
101.16
118.265
112.034
105.319
107.365
82.5166
82.637
89.8258
107.575
97.6418
119.637
91.3637
86.5289
113.653
89.7967
88.8177
101.486
99.698
102.188
82.0918
108.469
141.208
101.921
96.7094
98.9965
89.946
95.1973
91.6381
103.515
90.3389
112.794
83.0289
110.241
102.948
111.066
100.553
82.2185
105.509
89.0517
85.8063
107.941
106.994
101.169
99.8933
103.606
96.068
114.562
117.309
85.7102
102.437
118.64
81.6447
86.3384
122.926
114.747
89.0415
112.104
97.1289
119.147
91.3365
127.801
98.6023
81.2408
97.3764
104.059
120.118
79.7814
94.8868
82.0893
110.78
126.613
93.4854
85.6917
92.504
116.067
106.852
128.799
85.6589
95.7732
90.3952
98.2928
93.3709
77.9364
143.328
98.7769
109.855
90.0379
120.324
103.967
90.2188
93.6377
117.041
103.029
107.541
93.4123
100.099
86.3319
87.829
98.9586
82.8423
92.6808
87.028
110.525
86.1499
101.812
99.2182
131.539
107.447
79.4685
111.098
105.674
83.369
91.8782
101.068
93.4967
105.979
96.6545
103.43
113.59
93.5452
96.631
106.674
87.6158
95.634
94.3094
99.799
99.7925
100.331
104.089
100.734
110.012
101.865
87.2101
114.031
94.4053
76.5172
101.102
100.957
72.4423
115.256
124.371
84.6093
84.4238
97.0491
94.1559
95.3213
108.46
99.1516
96.9904
105.763
105.007
100.385
128.189
78.5713
86.6717
89.5017
105.872
103.374
118.803
91.4885
98.4001
126.388
79.7496
89.2006
81.7237
81.6929
118.357
100.883
101.351
95.833
83.4257
103.819
108.277
94.3351
105.531
98.4526
96.1598
98.8852
112.261
88.4782
134.967
108.265
124.665
102.358
95.6186
108.411
134.634
104.052
89.8274
106.983
97.5551
96.3375
93.0799
98.6995
78.7086
94.5206
94.3868
92.9333
112.461
124.949
100.373
81.8515
108.715
84.9307
93.6422
124.658
90.8222
110.203
111.796
111.179
93.1834
86.9959
110.129
92.4704
72.3539
96.8086
89.6233
149.394
94.1875
99.8434
106.195
102.149
90.8461
96.5963
106.168
112.417
100.067
100.349
113.457
100.458
131.286
104.537
93.5692
76.267
106.316
84.9562
89.6502
93.0832
98.1132
105.705
106.254
91.8066
107.448
88.8233
80.9751
111.269
95.8173
93.7885
78.1212
99.0254
85.4453
122.846
77.6154
97.2488
99.0345
100.952
92.622
90.5493
88.9053
100.438
85.3508
103.616
89.5238
117.471
103.483
86.6441
111.374
117.816
92.241
104.664
108.617
125.346
111.677
92.9254
89.9811
103.89
87.7384
108.028
92.3007
75.6165
126.765
120.713
88.1266
94.0371
104.19
76.7476
114.85
93.6776
66.8104
102.371
121.268
94.4176
118.023
118.476
105.224
104.561
105.186
76.5766
99.8173
101.389
120.512
75.039
95.9567
117.123
100.777
137.281
114.204
101.038
103.147
127.492
79.6649
100.667
99.9215
113.36
79.5977
91.8226
94.2291
102.838
102.192
129.866
95.2872
102.363
121.539
84.186
125.873
85.6566
84.8108
122.787
92.8094
81.9164
107.63
93.2257
102.685
103.814
77.4472
85.7902
104.941
86.0739
78.4341
117.133
101.898
92.136
88.6319
81.6687
90.8568
94.9644
114.01
84.8715
112.691
89.6628
113.761
74.5617
82.8837
132.571
107.395
100.48
80.0883
85.9356
84.5281
118.383
86.482
92.1598
123.386
96.0951
101.807
101.986
115.485
97.4243
115.833
87.0105
108.761
97.975
91.5914
116.433
82.7787
110.891
94.0582
97.8333
78.4863
107.927
84.891
109.365
101.633
105.473
88.0344
88.7794
98.7738
98.977
92.9647
109.135
115.886
97.0476
92.8688
110.981
87.563
78.7591
106.533
84.9176
101.856
80.7189
107.506
87.8911
102.741
85.2262
107.011
107.453
106.718
92.8346
90.9597
121.962
134.027
114.387
86.9318
88.1125
105.677
110.861
91.0545
87.6003
101.743
72.467
91.0134
100.564
102.518
106.724
96.5816
84.3887
109.801
103.363
100.575
91.1043
101.585
86.6997
134.727
94.9471
84.1927
95.8323
103.446
110.76
93.3763
103.441
95.1206
110.087
96.1712
96.0228
100.133
83.425
98.1964
97.6546
91.3166
97.1471
102.687
91.2794
107.851
91.0267
90.2229
100.452
150.613
99.8146
127.861
90.4697
85.0804
95.5496
121.578
97.9554
124.686
80.2632
107.527
106.957
107.044
114.705
111.893
103.297
124.606
145.354
96.6106
101.967
80.5125
87.2381
107.413
99.5426
103.612
71.5057
94.8429
110.677
84.2271
113.162
114.905
101.663
113.799
90.7631
97.2574
126.142
90.4242
97.8303
91.0763
105.292
106.895
90.1918
104.712
123.504
93.3882
113.547
129.879
117.812
115.568
91.4161
101.907
108.587
96.6554
98.9299
92.5735
94.1946
116.268
83.7302
121.58
84.7583
105.188
98.3904
108.488
90.3431
94.0343
96.6978
91.9578
107.901
99.8837
111.843
106.06
105.017
76.0925
95.3129
69.8704
93.3573
90.2518
97.9733
84.5776
103.836
95.2989
99.7961
105.454
104.152
96.6472
107.623
91.8375
113.845
79.4407
97.6898
90.3732
98.7965
92.688
93.2727
85.5592
110.521
95.9008
92.4925
95.6729
100.724
139.811
84.2383
97.8521
78.8448
90.6946
94.2133
120.313
95.6937
99.3544
101.654
106.155
85.0866
110.919
86.3646
84.0711
95.465
91.9359
80.1319
109.814
96.1615
97.9826
100.111
94.0696
111.421
81.9106
98.4242
106.883
107.996
92.5161
90.4599
105.294
131.344
94.9282
94.6125
101.603
104.95
101.228
99.4704
109.635
88.2192
95.6176
96.7173
103.768
102.433
95.982
90.7773
100.84
98.9793
92.0223
101.516
106.663
95.4295
98.6893
116.46
97.9013
95.8857
99.4224
112.963
110.953
105.004
100.647
86.8736
84.3844
98.6384
114.918
96.6425
86.3811
103.759
82.5528
96.0973
137.011
96.8845
117.885
107.071
81.1192
86.9914
113.085
89.8429
81.7095
100.734
83.7513
99.4949
105.792
95.4163
105.809
113.915
78.4685
113.657
115.86
103.135
93.6456
98.3924
91.4623
132.664
93.9637
110.322
89.9871
115.069
85.1893
106.568
103.961
128.79
113.238
127.245
110.869
113.696
84.0596
110.868
90.7145
81.4264
76.0199
90.4651
134.149
100.12
89.645
112.798
90.0171
93.6644
101.522
104.299
94.5951
87.6016
99.4661
98.1666
118.051
92.3075
91.6721
97.3662
78.4585
113.49
110.831
102.941
93.4402
111.625
95.6932
100.967
125.175
78.552
87.3413
116.089
94.0528
105.278
104.028
98.7068
109.293
101.627
90.9622
89.6355
107.977
138.691
108.973
93.7792
98.0375
121.056
84.3296
90.3257
84.0427
94.9291
102.117
82.6255
90.6515
104.337
79.284
80.2921
117.688
98.6245
100.979
88.4997
106.757
73.7777
109.165
102.308
90.4671
110.712
81.14
91.6546
108.745
104.973
74.1731
93.8393
87.1855
135.16
95.7377
112.837
117.764
98.4102
108.247
90.7807
110.717
81.7854
102.069
77.4951
96.098
96.7226
95.7172
117.042
92.2616
88.2994
101.919
118.735
83.0103
77.8645
94.1221
108.562
83.1564
101.846
70.4098
94.4915
83.1987
103.087
118.518
96.1619
108.175
80.3373
103.682
74.6774
94.7816
91.457
85.2056
105.616
96.3641
136.304
94.69
90.205
98.8781
109.385
94.548
90.6092
87.0038
129.413
86.1847
102.672
95.5019
97.3993
105.229
96.662
86.9338
86.9516
87.221
77.5394
88.3721
101.207
137.215
104.713
78.7262
112.588
100.519
97.0082
112.266
108.335
106.656
80.381
111.147
87.7789
82.5038
114.499
110.634
97.6747
101.59
127.45
115.909
93.9125
101.523
113.566
97.2852
91.1537
108.631
87.4075
91.1355
114.559
116.16
109.565
123.429
107.052
96.6733
109.594
93.1372
161.399
110.365
101.925
93.9374
108.68
126.078
95.9217
114.232
98.9512
102.447
83.6076
109.603
97.3813
99.2266
70.6926
112.211
108.716
105.762
118.43
104.249
107.029
95.9716
84.2366
105.769
121.267
109.071
104.302
80.9615
115.84
88.1876
125.476
95.0911
91.4453
95.5939
86.1815
107.691
87.8227
103.944
97.8592
106.819
93.3483
79.937
84.7461
75.2547
88.3738
93.3355
100.832
78.151
84.1415
111.722
87.0932
91.4734
91.4362
96.0578
96.8856
99.7597
77.8882
101.62
114.27
112.49
96.9597
108.977
82.6454
80.9674
116.424
116.34
72.4901
117.999
105.108
97.9244
100.847
94.064
95.0636
106.664
93.0543
102.882
86.055
100.938
86.2605
73.998
90.2558
88.8947
102.266
97.0115
91.3353
114.819
102.398
85.2148
93.0008
84.842
87.0537
108.616
66.343
119.792
74.4292
119.996
100.375
93.6751
80.3922
92.799
84.5645
110.214
106.984
110.494
84.4389
89.6919
81.9839
94.8681
83.6687
83.81
101.751
100.355
94.0443
108.791
130.209
84.2187
112.431
105.269
86.9231
110.194
102.05
90.3052
90.3459
91.2564
79.6808
88.2052
124.581
117.461
99.9249
123.486
100.071
95.9179
141.665
79.6619
95.5733
105.35
105.685
116.094
90.0946
92.1596
74.8959
110.886
92.1204
105.877
85.0317
75.4054
116.699
106.546
104.464
98.5813
118.372
96.5243
129.035
108.423
111.439
108.605
98.9104
88.3297
86.8274
110.37
89.2917
90.2834
101.022
97.8999
91.9935
110.312
75.9572
107.205
101.533
96.1075
102.631
121.629
110.244
86.2923
86.6131
102.315
88.6204
82.6139
118.424
90.6879
105.445
83.1616
93.475
119.386
95.7716
94.327
97.3589
103.674
95.6473
103.562
121.104
84.3142
89.5087
101.881
98.6648
108.792
85.1655
99.9088
101.578
106.574
108.349
87.9032
104.166
106.615
106.148
89.7173
100.705
93.4325
86.9278
97.8272
102.642
94.0696
106.972
112.705
85.9362
83.4891
108.079
94.2733
86.6792
94.8699
124.733
100.837
123.973
80.2347
116.819
95.0657
90.3682
81.1446
104.023
119.73
136.076
95.6124
82.4916
107.641
107.128
99.4674
105.371
93.9627
99.4041
83.0082
93.8495
90.9598
119.592
104.298
101.107
96.5567
94.9533
76.0801
100.654
97.3513
109.807
89.0547
116.531
86.2988
91.4235
77.2668
84.0247
89.4686
98.1685
87.1793
84.9054
96.0745
92.291
110.603
96.9259
121.226
88.0273
89.91
104.057
94.2952
75.4608
103.375
75.9534
102.498
116.41
112.317
104.712
101.3
103.146
104.982
102.824
151.936
98.914
104.819
79.8171
97.6169
105.027
117.379
109.416
106.019
120.353
130.018
85.5807
108.657
87.2292
82.7357
115.963
89.3519
68.2147
84.6015
91.1225
105.594
100.208
91.8772
84.6995
81.9272
82.3372
116.225
130.997
89.3294
91.4354
83.5944
97.2572
112.767
85.3221
108.125
93.8809
131.217
91.259
76.3979
118.155
131.741
86.6598
86.3937
87.3587
112.719
94.7218
82.3014
99.4811
106.689
96.8645
109.718
99.3912
101.48
97.8206
93.4033
128.339
89.4056
103.842
94.2643
86.0553
87.6199
104.54
104.249
111.422
83.6177
92.8695
120.943
103.046
88.5695
91.8172
105.73
99.6152
119.916
88.6134
115.514
86.8575
106.617
127.048
120.044
118.846
76.9732
98.3973
117.103
94.7884
111.661
71.4661
84.764
115.597
90.3126
86.3371
121.251
115.814
95.5216
81.9735
86.3963
103.644
105.73
78.9591
75.6892
113.377
104.856
105.962
80.5915
84.6317
96.7104
71.9658
104.282
86.4067
117.873
123.669
94.6926
101.02
132.782
106.222
129.277
109.461
89.0849
83.7602
90.3439
91.9547
114.865
107.803
87.7116
81.3307
119.866
83.1499
84.3891
115.134
98.3303
103.969
105.26
119.576
102.734
110.065
102.452
100.865
96.052
94.9036
89.9659
132.598
96.3132
89.806
113.582
93.8782
102.679
98.5762
118.993
94.7658
82.5178
103.2
103.404
94.9646
120.157
119.019
103.246
110.712
120.737
90.8094
95.8966
93.0458
96.9989
130.514
87.5191
91.8614
77.4064
88.2162
77.7357
100.996
122.704
104.923
98.0839
128.687
116.511
116.808
98.1782
86.6778
170.218
89.5482
93.6879
120.085
96.1927
109.062
95.0347
103.221
115.372
87.084
85.6522
109.506
102.5
88.414
125.218
102.177
111.629
101.737
95.4285
87.8528
115.664
94.8202
96.5346
132.085
102.332
90.8761
94.2883
111.226
103.417
95.2822
88.2033
106.081
95.1523
111.137
107.657
112.731
99.584
111.511
91.7296
82.4487
99.1144
106.335
74.3452
93.2371
101.451
123.926
114.688
103.436
95.5181
82.8446
101.853
127.168
78.8246
87.982
119.484
97.9476
120.494
80.3205
83.9648
97.2746
96.6129
95.5293
90.0956
92.7296
118.98
113.302
113.657
95.8712
81.4981
87.9652
117.421
108.164
98.3236
89.3576
103.379
114.702
105.15
147.023
91.037
88.8676
96.4193
72.3613
91.3728
124.439
107.177
124.484
84.4171
88.1084
116.719
137.821
87.3813
93.859
144.791
95.3953
81.8802
108.579
103.099
117.668
115.13
94.1534
94.3754
104.651
107.307
100.183
115.808
114.162
130.158
96.6857
104.65
84.0401
101.053
101.992
108.25
145.96
92.6024
103.764
95.0072
95.9708
112.306
108.859
95.99
87.9803
88.1832
98.225
104.646
84.8892
116.856
112.768
101.184
91.6012
91.8134
107.39
115.645
90.8904
103.632
137.119
124.142
99.9231
87.1633
92.7178
104.184
98.1799
69.9297
95.1524
91.0474
82.7031
83.293
95.5485
105.247
88.4107
108.397
84.7955
111.86
87.4436
111.208
89.9884
103.67
97.5464
105.988
96.0209
112.481
63.6678
121.998
113.791
95.3015
95.117
135.66
69.2416
94.0442
108.422
88.0861
98.5469
106.556
112.225
134.872
106.68
104.729
83.124
108.424
90.9721
138.671
130.016
108.472
85.0599
89.4304
112.144
94.2229
88.4501
104.379
100.843
77.2008
101.981
94.0872
82.6131
100.339
96.0858
108.308
96.6732
94.915
100.229
81.8242
131.566
126.846
89.3008
90.212
106.524
77.4848
103.215
113.158
92.9824
88.0491
82.1025
85.8106
102.633
102.31
120.777
102.604
99.6102
111.719
113.77
79.6702
92.4384
83.9343
108.23
124.549
95.8695
76.412
94.0644
122.189
95.6832
131.015
98.2774
118.175
106.436
115.802
122.19
91.884
82.289
110.666
86.7994
79.6371
73.9627
110.788
114.586
84.8247
87.508
104.271
98.7266
116.718
96.9852
99.8921
87.6219
111.605
82.3812
94.623
83.9898
90.099
99.4967
95.2504
113.416
95.2568
89.1324
84.1825
110.857
106.333
87.7328
112.627
100.497
81.79
95.1186
85.4376
108.094
115.924
76.6512
90.3522
132.575
108.739
131.519
97.5404
143.571
104.073
84.0465
90.9863
79.7052
106.196
94.3578
99.0879
123.174
95.427
77.9452
113.428
94.8483
94.6799
104.013
78.8189
86.449
77.4736
110.397
87.4796
85.9814
106.309
97.0039
87.8094
105.132
102.049
87.1288
112.222
93.9903
129.433
99.596
106.886
85.1043
86.5356
76.5234
77.7364
62.3908
76.0659
121.451
72.0301
81.2141
105.153
94.7281
87.8131
109.536
95.8289
115.609
89.731
81.7481
78.9998
90.9941
104.634
93.5101
96.4206
126.637
124.933
94.9385
92.94
93.169
86.939
94.0068
103.281
105.516
88.5881
77.725
124.638
80.8151
113.707
114.968
92.5242
109.509
102.756
124.207
100.468
82.8064
107.853
108.587
98.5821
118.844
88.4488
85.8178
99.0782
105.249
102.663
92.9905
97.407
99.654
93.9555
128.632
97.6166
103.399
79.8969
88.8032
73.0039
81.3496
86.0271
90.596
81.1681
91.3018
86.4939
88.9175
106.545
88.326
101.806
93.7278
123.447
90.3997
110.153
114.164
95.4651
87.6744
124.958
113.311
95.52
91
98.327
98.6922
108.366
99.6415
85.4283
130.104
107.403
115.564
107.562
110.606
105.506
85.7021
93.1062
92.281
98.5253
100.15
86.2483
86.8129
81.1144
81.0177
103.37
107.724
121.022
86.7736
121.196
112.279
85.7418
89.8179
122.385
101.095
94.5248
101.302
89.3508
93.3706
93.4678
110.372
110.267
100.853
94.5736
125.078
107.306
112.687
110.932
107.786
70.6571
100.534
123.567
91.4141
94.4859
96.5249
99.8337
95.4689
98.6274
122.576
99.5592
92.7921
105.607
113.483
106.863
83.0132
105.16
88.7695
115.701
106.6
81.3374
89.637
86.5148
84.9962
84.3004
79.8322
97.912
100.522
96.0104
87.6609
101.158
89.9472
123.664
91.6994
109.287
122.546
86.1021
85.2621
92.1402
87.7465
88.0224
106.499
97.2557
118.085
101.748
89.2543
113.116
107.053
79.1664
100.851
88.0079
100.681
90.4181
93.8388
100.365
91.6789
104.494
121.913
109.608
88.3217
93.3083
76.4632
118.646
100.987
106.882
94.359
122.823
96.2375
100.663
98.7037
90.3078
119.191
116.156
85.7068
99.4899
95.7712
103.155
124.272
93.9674
97.3545
97.6852
102.695
118.426
106.28
110.409
95.5482
81.7131
113.293
111.627
115.043
79.9425
85.1507
124.908
112.933
88.1671
78.0402
103.957
120.068
96.6543
97.2031
80.6304
92.6909
102.727
79.3352
98.1365
104.881
94.7845
77.3851
93.1632
97.0617
124.296
78.1252
91.3294
108.492
92.3425
93.0501
113.143
86.4391
86.8822
117.557
82.0789
101.955
150.463
101.802
89.3842
76.6596
99.8602
83.4096
92.5782
97.4831
81.6823
97.7721
122.38
128.964
79.3998
100.193
107.733
91.4289
114.224
111.81
142.578
77.6243
97.1416
82.2743
111.919
111.444
98.9671
103.616
92.0611
112.118
122.904
98.7409
99.811
98.9505
104.362
80.0601
87.8741
83.5341
145.595
79.0815
75.2158
117.184
85.9229
112.807
106.259
111.388
117.705
75.0623
87.1904
82.9572
107.266
94.1377
77.525
115.897
116.809
123.86
117.749
89.3514
89.582
117.672
93.9913
95.5949
100.672
87.8029
101.221
86.8829
106.618
85.755
101.962
106.391
101.233
91.3537
99.9804
76.5172
85.5852
99.4703
88.2911
98.2655
108.317
105.623
106.039
91.1488
87.308
92.5916
82.4943
94.4688
102.297
116.448
81.9038
105.974
108.531
83.0869
120.509
79.4551
122.054
87.6703
95.9512
97.1348
100.993
110.853
91.6622
93.6863
130.019
127.095
122.163
118.529
80.3894
89.1187
94.9417
94.7175
132.369
99.8591
94.4973
97.9187
98.6039
99.4682
94.11
87.321
80.3114
100.66
103.23
120.332
127.434
109.584
112.28
100.184
75.9688
95.566
97.0592
95.9964
106.297
88.6952
133.594
122.338
105.68
108.894
117.886
93.2429
82.8231
92.3144
86.848
93.4167
87.3676
92.581
99.2336
105.933
105.642
112.383
96.6144
110.156
96.1485
108.897
85.9022
93.4557
89.4082
100.584
100.912
113.06
136.791
86.6735
102.161
89.8272
109.056
88.2671
109.376
104.034
125.569
102.72
98.7264
123.397
107.172
121.444
107.335
96.4271
95.6548
106.904
90.3222
108.782
89.3911
102.413
119.522
78.3335
114.312
109.185
102.788
93.0541
110.196
91.2935
110.761
89.0629
120.594
106.2
104.975
94.1633
128.447
104.383
120.566
92.2747
93.8411
101.709
107.979
68.3886
108.05
104.757
115.951
120.246
98.3224
121.863
99.9297
130.317
102.759
91.9233
103.028
111.301
125.324
82.3071
104.869
112.401
108.04
92.2217
89.5924
112.077
129.398
103.655
119.221
92.8928
80.5608
89.434
99.8885
96.3098
96.6465
87.7338
90.1359
91.4542
103.931
104.453
79.1403
104.16
88.3963
118.005
114.996
114.496
101.94
95.3285
94.9742
106.207
97.0552
134.937
113.508
95.9046
94.5492
105.43
90.6376
99.9449
98.148
113.763
88.3606
89.8418
98.9026
105.79
85.3418
100.914
94.1588
109.823
98.2142
93.0704
133.765
102.057
133.295
96.4213
104.714
66.3265
96.7597
114.089
112.238
105.894
92.6687
80.685
89.49
96.5107
83.163
79.7714
99.3597
101.014
116.362
120.701
115.188
108.455
92.4194
108.208
96.4769
98.9198
89.0169
85.596
114.943
87.2133
88.2972
113.255
88.1942
114.11
90.5846
74.9674
103.393
75.5694
125.928
123.27
118.319
78.8615
100.806
112.324
86.1429
85.1508
94.7398
105.547
81.7356
113.133
89.655
108.44
83.8025
94.7451
127.296
104.296
87.7644
95.1288
94.8634
110.928
113.811
109.432
103.696
94.6734
113.755
123.204
92.1973
86.8223
88.9905
104.361
93.8481
126.199
86.6329
90.5583
103.093
105.962
80.0294
92.6545
86.9202
91.7067
89.0156
106.092
94.1448
116.199
120.263
102.685
111.877
92.5249
119.548
136.065
82.8851
75.3388
87.3244
98.3368
126.375
106.595
101.832
101.313
115.787
90.1368
107.694
84.5113
118.198
83.7825
98.7649
88.2403
96.5208
95.9014
91.0815
97.5128
128.528
78.2984
127.45
97.2141
101.617
82.3486
127.983
93.4225
111.547
96.2593
127.703
106.653
92.5495
100.212
77.4586
93.6469
91.446
99.26
99.54
110.043
92.2582
96.7838
112.82
106.023
114.902
98.1455
110.457
96.1979
100.71
123.627
103.151
101.231
112.267
89.3978
112.194
102.251
99.5748
99.3342
103.354
107.045
82.6161
104.646
95.2931
111.29
109.703
130.054
97.7316
98.6636
92.4027
87.7538
96.0012
96.9183
87.8656
96.9941
75.4025
83.8656
93.2682
87.2832
102.05
84.6885
94.9656
95.378
98.1857
83.044
103.354
84.2727
97.1489
96.5294
95.9447
101.467
104.881
93.4407
93.2127
97.6908
102.378
115.996
81.2448
94.1089
115.541
98.918
111.652
139.626
103.412
86.0055
113.385
118.068
107.325
85.1403
123.159
95.1239
107.101
98.4393
105.477
91.7424
115.637
89.2095
88.823
91.8623
95.7896
98.4472
112.992
98.0202
91.5868
74.0793
100.899
85.7637
94.4456
94.5421
99.0308
95.3711
80.1668
80.2085
96.0635
82.8222
89.4081
90.113
83.8349
97.8455
89.9821
99.4551
89.583
102.068
73.8326
105.283
113.595
95.4452
106.65
98.8275
92.8702
100.02
86.1019
123.147
69.5449
93.8164
79.691
103.35
98.7567
103.134
97.2605
92.6396
108.315
92.5274
115.286
93.7295
98.0852
121.928
88.7823
79.4258
111.018
102.252
123.761
111.189
73.4221
74.6406
93.2494
104.831
95.8253
82.315
89.9287
108.2
113.898
81.2181
100.323
94.2273
87.9903
111.549
96.4649
117.247
82.9061
96.2158
91.8867
93.5923
114.876
92.5562
107.998
83.2744
89.7717
85.9019
100.968
103.403
96.6761
114.677
135.954
139.528
87.3271
117.061
101.485
87.3393
102.014
104.618
96.4263
77.4448
108.277
103.04
94.078
116.823
114.205
93.9724
109.601
79.2844
60.5912
125.044
101.876
98.2462
91.6862
149.73
97.1488
88.0532
90.3802
93.2774
91.8786
98.0039
111.242
125.5
95.6348
97.221
108.776
103.22
85.085
125.45
106.137
86.6235
104.313
137.015
91.2077
113.936
105.982
88.8233
105.652
99.5084
118.685
95.6518
99.1965
94.4647
96.8867
96.5958
81.644
130.47
84.0596
69.108
86.6053
95.0998
100.675
119.948
90.2872
135.827
121.923
90.4853
105.893
96.6316
111.138
85.4458
100.666
99.8534
84.7513
127.641
108.469
107.526
68.5748
99.6432
97.8117
93.7731
95.4574
128.767
104.938
113.873
122.229
82.4861
103.785
99.5062
84.1199
89.3075
105.129
93.0678
125.106
114.68
102.829
88.0896
93.4343
87.4105
86.7098
141.16
116.446
104.063
98.7664
107.619
115.154
82.7736
86.8728
113.141
105.715
76.0469
103.313
120.964
82.2517
99.416
106.673
97.9528
121.652
102.933
80.1748
104.541
79.0373
96.2924
90.2721
66.3657
98.2621
79.8524
91.8736
81.4518
94.0747
82.2461
67.7203
103.316
117.212
106.828
92.3742
118.007
99.1052
94.2511
105.023
87.4659
94.4965
97.537
82.2661
96.4107
94.7465
119.574
87.1594
118.975
105.477
87.5321
94.8179
95.3847
100.057
95.4241
114.16
87.0542
85.5982
81.99
89.9858
120.46
113.297
102.51
97.4971
103.157
87.614
90.417
101.469
97.6252
102.657
90.5445
100.897
94.0865
131.952
99.8204
126.312
89.0735
98.3415
124.481
91.2663
102.869
101.617
94.6402
98.4741
102.583
92.5135
97.2167
101.498
80.2418
98.4174
109.001
96.1419
81.3483
126.145
120.796
91.8066
126.859
114.714
113.464
85.5697
91.3103
94.4611
109.61
106.265
98.3672
87.9457
117.546
92.1293
119.433
89.4705
97.8416
102.699
113.933
133.229
108.178
113.804
104.227
93.1325
99.6155
88.2861
114.502
109.354
87.5499
103.659
117.745
91.0293
124.772
93.1703
103.401
112.129
108.739
90.5508
103.156
93.7109
108.354
96.4616
116.329
86.1721
98.6631
102.752
98.4621
110.887
115.986
90.2449
87.2137
86.0127
115.941
94.4489
119.911
104.292
105.046
83.8259
108.705
102.056
99.7994
97.0758
67.7403
114.744
116.751
91.1152
107.649
79.9944
120.14
91.642
97.7683
103.282
107.257
110.709
80.4584
105.953
105.447
72.6949
91.4025
107.311
83.0529
115.354
77.4638
89.9594
103.429
102.169
99.065
101.644
95.7909
77.0105
77.9115
122.225
114.898
94.7622
100.394
88.8128
77.2992
106.533
81.7605
100.133
98.1105
102.456
87.7154
85.4886
110.074
112.13
106.715
70.5472
91.3411
80.3987
94.9138
122.02
110.125
90.2192
104.394
95.969
99.604
96.779
115.221
89.927
98.6278
95.5835
137.449
80.2814
99.782
111.796
79.1803
124.289
75.0947
102.124
125.625
81.4251
114.594
86.7326
103.76
100.373
81.9008
100.714
108.486
95.2937
103.949
93.0433
114.316
120.833
104.064
85.376
103.378
83.3356
98.1713
102.058
98.0436
78.5322
85.7098
129.591
104.965
145.886
89.5988
91.8104
114.964
102.63
81.7928
76.3927
103.495
104.765
120.296
114.902
114.955
95.6766
93.2084
92.3426
138.577
101.195
103.481
113.148
91.7275
97.4618
98.5784
96.834
99.1034
106.753
107.812
108.433
97.2716
92.3632
86.2672
106.115
121.925
96.7958
100.739
77.5051
93.9487
110.644
87.4139
99.2587
91.494
74.9431
86.6017
129.298
104.377
95.6391
100.116
109.588
104.73
98.3781
103.784
77.2393
131.352
94.6406
109.667
92.6453
101.584
101.776
111.797
104.561
100.125
79.1339
118.471
92.4435
105.737
112.867
84.182
108.047
111.862
87.0833
77.85
99.6823
87.6939
129.368
94.9844
94.5151
83.0565
107.287
86.5588
126.27
100.23
104.189
114.729
97.5275
90.9318
139.841
67.6307
101.741
99.3681
105.348
97.6896
86.7048
97.4231
137.849
95.7345
81.4757
106.429
110.186
112.005
78.4915
89.9944
112.481
110.208
97.5068
99.0723
113.072
81.5135
85.3867
98.4436
85.8047
98.3463
92.9797
110.713
91.1831
88.2906
106.373
112.152
128.675
98.2814
93.0512
86.307
112.945
104.158
104.299
92.4545
121.691
98.1386
125.721
121.181
100.353
93.0363
104.609
105.976
83.606
68.1595
116.248
107.484
104.566
112.982
81.2101
79.0646
76.2856
92.0544
85.9551
120.417
97.1214
135.367
84.2368
94.4285
144.517
110.353
108.337
111.348
110.416
114.407
104.321
82.9992
111.79
90.4166
118.362
95.5155
99.9201
112.144
107.144
97.9712
100.388
95.226
93.3988
115.568
86.5581
109.632
94.0053
102.822
111.895
75.8765
104.262
128.757
104.963
80.7509
95.1994
110.888
80.154
72.5096
97.5952
94.5607
98.078
93.4634
139.502
75.0931
114.768
89.0551
109.208
89.0416
88.4346
90.9202
138.31
95.1828
106.405
77.3289
99.3072
101.456
96.2993
82.2019
110.324
96.7027
99.1558
108.255
80.8794
84.7969
112.506
91.4151
105.323
109.703
99.3171
96.26
94.5733
101.929
105.459
96.3618
97.6654
109.035
77.7889
77.4917
109.358
108.934
135.118
100.662
83.2615
91.1942
115.841
71.7608
91.3187
104.698
102.108
112.429
110.806
98.1795
118.992
107.006
109.894
94.4733
104.276
111.247
109.828
107.275
113.716
120.775
95.2504
100.247
98.9286
85.4762
103.675
117.58
103.355
100.05
70.5996
106.834
85.7228
70.4421
86.7159
93.8567
99.0439
103.644
85.5951
99.4858
85.0668
117.43
117.868
121.079
90.3332
102.113
100.574
98.8536
130.684
90.3478
109.101
101.761
125.157
103.763
77.1018
107.887
109.434
122.608
98.8199
86.2131
91.7082
108.489
110.46
104.71
98.1517
126.653
80.3548
101.241
106.914
97.9574
98.2382
90.2145
118.653
101.854
98.8988
88.2199
110.201
82.6642
98.2047
100.604
92.4317
103.528
101.338
103.703
97.3082
100.393
122.622
83.5658
92.6128
83.8049
56.6716
84.8398
105.654
103.691
81.5693
96.3376
90.5639
97.2337
118.685
100.928
113.063
113.542
81.7975
104.514
91.0609
96.0437
110.679
81.0243
84.2761
133.167
127.255
121.732
79.2149
110.113
139.989
106.673
92.4617
122.684
90.6394
116.938
107.665
98.4159
139.262
89.2538
89.3093
115.311
128.289
99.7715
79.2069
93.4177
100.814
107.673
97.1684
99.4221
104.69
117.076
122.093
103.09
100.277
90.4257
90.1339
100.038
104.958
98.4381
98.5585
105.926
98.4887
126.385
110.266
105.319
83.0723
81.1178
109.704
112.432
79.6119
99.3081
108
103.577
115.882
100.78
141.817
94.3747
84.3057
82.0615
99.0078
102.966
104.431
83.3427
88.9302
103.549
93.4849
94.7701
88.4061
96.9988
94.2298
84.932
124.714
109.781
102.995
123.983
113.992
112.785
105.973
101.877
84.4439
115.553
95.9249
69.8455
102.866
80.5733
138.928
93.169
91.0788
87.3821
90.1669
80.6334
81.5163
113.745
88.4904
98.0884
99.3605
118.168
98.5116
112.459
87.011
105.597
111.984
100.422
109.841
85.0269
122.075
92.9589
115.511
84.3227
108.436
93.0381
103.477
85.7166
126.006
109.801
106.825
118.623
78.3896
92.0107
100.789
89.3002
105.977
142.152
94.9061
128.023
110.645
92.531
79.0194
83.1459
100.537
90.9498
79.1469
105.409
105.992
109.574
92.6385
92.7722
90.7048
113.694
91.3833
80.5513
91.9328
108.798
88.6223
95.1792
102.424
98.3702
117.11
86.2818
93.9052
102.337
91.5413
96.3652
101.246
120.606
103.952
104.335
90.8476
102.579
94.8771
100.307
100.288
83.2303
76.5759
113.798
115.841
87.1247
86.1854
93.916
97.8305
104.304
93.0923
122.393
83.9995
75.8356
135.626
99.6743
82.3787
114.801
95.6612
91.6416
94.4547
93.7061
111.74
99.6342
108.104
88.2832
110.878
79.8847
101.572
75.4734
114.197
118.874
73.9427
97.8862
98.9636
90.1163
125.651
119.191
95.1199
93.6214
105.609
118.58
78.1352
90.4794
94.1587
84.6054
84.209
113.821
85.6908
72.3965
112.563
100.607
101.938
93.5355
94.1604
81.116
103.512
128.15
85.3414
82.0849
101.771
97.9954
124.716
93.053
96.3386
123.084
96.1535
107.3
89.0771
81.0031
105.844
98.114
94.3441
82.4117
84.9657
102.149
100.761
96.7854
69.7557
81.134
101.071
102.287
100.044
96.0364
87.8938
71.6633
108.897
120.729
79.6647
104.24
79.3202
111.313
96.6302
94.18
152.868
79.662
103.591
95.048
86.0286
95.6427
96.7264
114.791
131.162
94.7196
94.0588
97.293
70.6396
117.938
85.52
141.255
70.7838
102.741
113.901
89.0661
108.114
83.6396
116.744
96.8818
96.8359
107.641
83.5035
102.037
82.5962
108.408
125.214
108.448
106.926
87.7585
101.379
100.703
100.003
96.6151
80.4499
110.963
107.699
82.0512
100.334
87.8115
87.0706
95.482
111.029
107.173
93.2615
92.3473
86.5089
104.938
126.491
123.006
90.2533
107.615
83.8972
92.2952
84.6427
135.013
122.182
106.588
92.3208
90.9115
88.233
77.616
100.832
91.4043
102.193
99.5474
81.5038
105.044
82.9814
77.1875
82.1296
95.4729
106.558
126.493
89.9266
102.096
86.925
96.0141
100.458
80.4396
143.13
99.4811
94.4004
91.4341
74.9439
86.2893
112.336
110.864
102.548
70.474
93.1661
108.096
79.7053
88.809
97.7702
126.135
89.9792
97.006
92.5353
87.0004
99.7769
82.5524
95.0254
109.308
95.0792
120.718
101.559
102.067
112.814
117.051
111.011
85.5447
93.8189
79.5767
92.2062
102.932
129.453
109.592
114.136
84.5365
96.3507
88.7585
84.3405
105.196
101.582
90.6878
89.9708
117.298
92.9571
94.2295
100.308
89.1062
90.5513
114.802
109.902
109.394
122.381
77.3384
96.7115
80.2066
104.639
71.3027
87.0307
111.846
102.495
110.875
91.4813
105.209
98.3165
103.004
101.575
82.8684
87.9463
106.886
105.486
112.713
89.7862
87.7293
89.6576
102.426
97.2283
114.937
122.804
137.722
81.3458
113.36
119.305
92.5359
137.685
88.2856
88.734
121.063
85.2451
97.7143
101.131
80.991
90.4748
112.281
111.044
77.8715
86.6593
87.3543
121.924
98.8467
98.3803
90.3607
109.647
96.1366
79.8189
101.796
100.337
104.639
76.7548
91.3578
117.239
102.056
101.049
109.493
121.189
86.5933
80.4118
107.347
77.7507
98.6193
91.9279
96.2695
97.7452
107.357
109.585
105.906
91.5521
91.4406
121.423
101.888
106.774
98.8361
123.6
89.077
102.543
84.5008
105.446
128.494
128.991
87.2536
103.329
93.263
95.2958
111.764
85.7731
104.32
82.1799
76.7457
82.3118
95.9374
96.5353
89.3815
67.1933
132.062
97.658
129.367
79.413
130.35
94.4465
81.3851
86.0837
111.022
105.138
92.8517
96.7079
113.715
113.819
102.721
116.245
103.376
82.0179
108.148
118.615
105.098
109.143
99.1852
86.138
74.3865
132.51
100.012
102.777
109.179
97.702
101.161
94.5215
115.768
110.881
103.32
86.4975
73.6386
91.1926
92.0376
91.4998
87.1296
109.536
86.0778
83.0867
91.2513
108.187
84.1927
100.015
75.7463
104.486
80.9544
110.205
84.1826
97.481
88.5856
85.6786
104.25
83.0218
97.323
99.6794
75.8978
107.961
94.9172
102.096
99.0654
118.81
113.839
122.111
106.47
100.064
97.816
119.816
99.919
108.751
77.6833
93.0601
75.7824
110.164
98.7875
119.854
117.147
89.5339
88.3286
99.3467
110.507
99.9892
93.1261
94.0445
115.427
80.6002
124.098
82.2786
110.421
102.241
99.3978
102.257
116.518
105.202
107.609
104.72
91.5127
118.787
117.661
134.894
107.673
89.2466
91.6823
114.48
91.8257
91.7109
81.3528
94.7949
91.0791
99.5611
111.489
116.313
105.161
94.6151
92.4549
95.2062
82.2966
97.1658
79.4703
76.0093
97.1757
104.247
82.0032
91.9648
106.806
102.532
86.7004
105.386
82.5857
69.7384
78.3119
119.307
91.3261
144.2
100.105
91.0724
120.449
117.817
101.145
75.6864
67.1761
99.935
96.1869
113.836
117.658
71.311
93.9776
100.696
95.0956
87.0129
75.5692
97.0127
103.089
105.133
77.1733
83.7862
101.889
89.3872
97.9204
79.6851
94.1034
108.962
94.5705
117.302
110.629
86.575
85.988
107.054
104.266
99.2691
108.321
93.5867
94.2858
80.9136
92.5868
104.862
93.0124
103.577
87.6894
94.7362
88.7323
88.7502
119.919
101.614
97.6316
98.7189
106.364
82.7396
87.5389
81.4123
119.486
74.18
99.481
76.2326
100.363
115.05
98.0885
99.9719
132.05
69.5825
82.7977
97.7417
106.849
102.017
114.969
121.933
105.419
113.191
106.612
104.779
82.5731
112.726
142.883
89.4731
74.1153
82.8571
87.8223
101.858
93.7917
86.1891
101.852
98.4183
121.055
108.786
104.859
117.119
74.7657
109.854
101.822
92.5933
110.83
139.376
109.045
78.0118
91.5713
110.788
101.685
98.4672
74.56
94.0265
133.059
144.895
116.263
92.113
94.1034
79.5596
106.355
94.2519
115.741
81.998
97.5724
96.3328
113.678
75.7829
100.397
119.723
90.4943
126.694
106.369
86.6277
111.407
146.247
120.849
96.8446
77.9733
91.835
77.0465
108.18
109.76
69.3681
84.3775
66.85
108.78
71.2538
87.7417
100.201
106.204
102.342
108.059
77.3273
96.4985
94.9477
97.0412
91.1571
115.964
80.847
99.4196
111.187
116.151
92.2509
94.2962
106.635
113.722
98.6637
94.5575
117.127
93.7372
106.45
108.827
104.412
92.2655
117.326
110.526
110.566
124.638
78.7405
95.1531
84.278
84.5065
83.5413
97.5083
106.159
113.402
97.8555
97.5107
101.119
123.424
89.837
99.549
96.357
74.2081
96.115
82.5842
89.082
84.4561
100.247
111.881
96.5401
104.771
121.626
115.174
109.013
125.435
84.6462
120.145
95.7137
84.1704
99.9541
86.1719
96.4585
92.0777
84.3443
118.002
96.9762
90.5168
89.7278
118.229
117.495
87.1982
87.0129
109.126
113.074
101.852
92.3927
96.8582
104.21
98.2504
110.994
106.466
124.057
113.411
127.734
107.144
100.63
92.4506
111.245
122.786
93.8923
109.415
103.953
131.096
103.587
89.5316
76.5437
84.6099
122.085
98.9966
88.9154
116.563
91.3341
90.1322
90.1789
99.6506
97.9819
93.8066
147.719
97.0368
98.669
129.874
123.935
95.581
110.259
88.6865
98.9773
83.9951
108.574
95.9745
111.394
89.4346
115.404
83.4232
103.498
108.326
117.602
103.139
95.3454
82.0722
98.5671
94.1997
104.305
93.4396
110.197
115.682
98.6909
105.888
98.0899
86.8648
123.435
122.714
124.296
83.7173
93.3985
75.1401
98.2296
109.963
105.008
72.5741
102.503
112.408
98.8342
101.949
70.1181
97.9911
106.213
79.71
93.854
125.791
94.9569
88.2768
77.7566
107.617
123.174
98.7316
88.4871
75.4209
73.1294
101.591
102.864
90.6664
82.2134
105.514
106.712
87.7662
84.0557
85.7855
81.4006
83.5241
102.075
100.811
82.464
110.251
95.7251
86.9828
88.0037
108.583
103.396
102.593
84.3697
98.9326
112.202
81.1825
86.0693
96.4018
85.2376
107.403
83.1574
119.449
86.6062
101.927
103.838
104.091
94.4402
88.4437
114.893
112.231
106.945
101.842
105.086
90.4414
109.706
94.1395
89.9135
98.0249
108.104
99.496
84.7364
95.5
85.4395
106.906
108.273
94.9853
88.7065
79.4958
105.838
125.968
129.787
118.122
85.2418
99.6418
114.527
107.222
68.6086
93.2371
108.101
107.138
110.982
88.9945
104.208
90.1072
101.606
141.033
106.211
105.021
98.0834
109.634
108.185
88.1651
85.3404
102.879
97.4336
98.0593
95.4301
124.779
100.946
117.893
107.373
134.762
80.0233
102.27
126.201
113.341
92.6305
112.972
101.218
105.311
110.848
90.5768
80.1172
94.6574
112.156
80.3914
114.164
96.3648
94.4232
89.0924
94.8714
114.419
101.765
104.314
102.462
79.6237
120.692
88.0935
80.2132
91.9414
91.211
99.6829
93.2271
87.6154
124.4
96.8534
98.3088
88.6361
85.3991
106.458
96.8515
91.881
113.719
124.327
78.7091
104.521
116.091
82.1798
110.119
86.3266
106.951
99.1419
129.487
82.0761
76.1611
104.633
71.2765
110.407
90.5695
96.5144
105.015
106.639
107.674
84.1063
104.092
90.9838
111.484
101.252
97.0231
79.5624
101.701
99.4645
140.657
120.208
84.9044
93.2949
118.275
93.95
106.083
75.7641
99.9498
76.2071
87.2159
96.2111
100.339
108.833
97.7011
91.3304
116.549
83.8076
104.895
113.399
98.3276
85.1973
108.52
107.013
94.6127
99.4806
89.1737
84.4275
69.4071
107.113
102.842
100.885
83.8752
109.662
126.065
120.547
102.814
105.557
96.2527
97.883
109.739
100.222
113.692
101.388
105.356
125.989
113.034
80.1372
89.4211
103.433
118.528
104.802
96.8712
77.6606
80.7561
96.1333
99.1181
112.596
77.3799
83.5078
126.554
92.1411
91.0317
88.523
96.0813
96.0139
94.601
94.7902
113.613
95.0629
107.883
123.958
81.9441
95.1236
92.7496
84.3506
72.0861
91.8577
83.7147
83.1976
115.057
105.044
112.317
107.037
94.314
86.1846
109.212
147.492
101.155
106.908
81.8805
87.2389
91.4405
94.7843
79.8114
93.2728
103.396
89.8216
118.438
115.259
109.996
98.0661
95.6589
107.671
102
80.4403
97.7462
109.39
97.5835
75.0509
135.463
120.714
123.704
75.4488
97.0615
100.478
117.261
66.7042
84.3269
106.556
117.04
75.328
112.874
79.9301
83.4087
85.0658
91.1721
96.8148
81.607
98.3346
95.306
100.266
99.3067
80.1497
84.6375
138.32
96.9674
105.465
86.5031
75.6395
96.7131
98.2499
112.015
84.437
87.3369
103.818
75.3112
85.0875
97.0968
91.7194
84.2037
100.453
84.1808
97.9153
96.319
97.0764
125.372
87.2573
75.6335
78.1338
93.8361
115.783
89.3561
94.7915
101.91
118.025
111.493
112.497
81.5701
77.0009
112.356
89.901
87.667
131.29
116.01
107.439
84.2192
93.39
99.7865
79.9566
97.7964
83.3014
96.5448
96.9232
121.394
78.3928
109.712
100.928
94.0064
95.7971
118.4
110.906
93.02
90.2085
130.748
108.033
98.3845
120.345
100.767
95.4875
73.6876
94.8354
111.506
130.148
92.4913
88.7744
79.2524
87.1213
106.41
100.146
94.1164
94.8011
91.3731
111.896
96.406
103.432
104.512
87.6146
113.588
94.543
108.24
113.771
105.449
113.804
96.5819
84.1391
108.599
110.84
88.0722
101.979
102.356
93.8212
82.1043
102.725
105.749
73.2946
79.3693
97.717
70.0358
92.4078
122.382
106.764
102.657
94.5574
108.151
91.5476
97.9023
67.4147
94.2597
96.9668
89.6866
94.6086
104.411
138.446
113.357
105.249
106.762
119.682
120.345
117.374
95.3482
103.041
107.125
118.093
125.55
124.948
90.7079
95.222
100.492
113.26
97.1844
87.6768
129.243
91.1749
127.067
91.6827
125.035
118.989
94.1058
116.06
121.704
124.735
96.9948
102.203
82.5428
86.728
77.0371
117.623
102.933
87.6882
109.941
118.524
80.8722
97.4237
104.602
108.119
103.841
108.709
82.4528
102.103
100.547
91.6827
98.1751
107.606
95.5482
106.466
109.577
90.7637
98.9437
93.5631
99.903
98.7443
113.472
108.518
112.546
102.252
97.1887
93.7717
74.7032
95.9321
95.2583
118.468
114.13
110.854
109.969
124.229
82.3188
78.6301
89.2578
113.039
86.2287
91.1934
83.1761
99.8126
97.3061
80.5429
83.0923
111.749
73.9774
128.368
103.142
97.8772
109.181
82.1957
103.728
122.512
88.3956
98.7848
96.217
100.806
88.5826
102.381
84.4335
106.414
100.034
121.388
105.351
87.2313
118.922
74.8195
105.26
94.3052
77.1123
124.362
87.4637
105.968
99.055
88.4207
112.486
92.4518
132.492
108.936
114.663
89.0708
116.524
112.098
113.158
94.8939
80.5232
116.731
100.385
97.9474
94.973
90.3009
86.0179
94.1231
93.6527
90.328
93.5456
93.8501
96.3357
114.89
102.678
86.3522
116.618
95.3651
112.188
93.1184
126.255
112.165
94.9881
92.0935
92.2527
94.2022
80.5416
88.2066
91.5942
98.0251
88.2116
97.0404
96.0252
126
127.866
125.008
113.841
109.502
105.409
81.2665
98.3278
91.5562
106.713
98.1507
99.0756
103.158
104.671
94.0401
101.888
99.3052
112.932
102.93
109.926
91.2561
104.806
91.3329
133.886
105.174
101.364
97.6597
95.9385
90.0648
75.5844
78.5065
98.3039
96.8347
84.5513
74.6336
102.22
108.868
96.3723
107.256
116.297
82.5422
127.183
98.5886
86.5249
102.088
91.5531
99.1037
105.061
83.3852
128.455
103.03
88.5794
117.932
97.3193
81.6943
83.1353
138.728
99.2572
79.1631
96.9629
101.82
110.102
86.5667
99.7278
111.428
83.9042
105.132
98.5449
88.5265
109.191
93.9263
100.227
121.661
90.217
118.638
126.64
104.472
135.125
86.1293
88.9804
100.39
102.107
92.2555
100.045
98.9388
106.634
91.7011
85.0189
115.399
102.927
126.126
109.972
98.0111
102.295
119.013
86.079
95.6093
83.9234
103.666
107.677
105.413
92.4347
82.0663
89.6827
96.7164
111.544
95.9422
108.599
88.201
85.2842
92.3116
84.9155
95.8176
99.2457
106.024
112.968
72.1018
121.182
80.8839
112.73
92.504
83.9456
114.616
108.207
130.618
87.8876
95.589
97.7002
94.5079
107.977
105.914
85.1688
107.277
83.7947
111.812
97.9151
102.334
77.1976
143.523
87.1796
99.1691
121.593
94.0778
75.503
91.7662
98.0825
106.039
93.6202
109.618
94.0318
105.611
108.182
89.0844
101.761
93.8252
112.596
108.575
92.4514
83.3336
93.7439
116.226
98.5221
111.384
75.2631
95.9781
84.8073
116.924
86.5696
95.977
99.5974
95.231
72.9409
91.5513
102.939
94.6239
115.424
74.7275
77.9096
120.247
104.62
79.9202
84.5436
76.8895
80.5267
93.7934
90.0087
93.2588
83.6714
88.971
109.428
103.856
114.338
97.659
111.727
102.533
87.291
91.8197
106.832
102.606
98.2422
96.5249
78.0875
100.8
99.2228
97.5675
73.2785
83.0252
100.986
92.8748
94.8609
80.989
96.6957
94.0427
91.7556
100.721
114.998
103.64
99.9133
100.753
131.309
113.478
78.3324
89.4222
84.1205
124.948
85.708
86.5084
120.336
109.599
113.814
85.1964
96.2638
109.016
85.4997
88.7045
117.519
110.783
96.379
107.998
99.4216
101.591
78.9817
93.3702
93.4633
80.0037
86.6992
97.6534
101.753
97.077
109.594
119.99
95.5624
111.357
124.824
91.6253
114.461
100.447
104.37
121.164
105.106
86.5065
81.3311
100.722
108.017
89.1669
92.5725
106.511
108.91
135.25
102.967
107.898
113.58
82.012
84.9621
119.529
88.5575
78.6445
103.459
134.059
88.6869
93.2925
84.5533
125.496
104.406
109.903
88.5009
91.0291
92.0184
94.9902
88.0319
113.478
89.9767
94.7085
105.893
113.642
82.5706
87.655
90.6762
102.28
98.7065
101.731
111.811
93.9237
114.457
94.3289
81.4078
105.523
93.6117
108.522
89.8663
98.8095
112.939
86.0848
90.3431
120.702
85.8088
106.638
105.441
105.479
91.0816
110.626
78.1516
94.195
99.6272
99.7701
109.404
123.554
80.813
89.8122
122.2
102.434
95.6685
80.8227
104.399
115.025
108.16
99.0493
95.8721
88.7377
99.1254
86.989
93.2299
97.3626
124.27
78.1615
101.953
111.985
116.26
83.8522
105.897
69.0617
102.023
102.816
104.386
112.181
93.418
102.851
93.6031
111.035
93.7666
104.268
115.012
69.119
115.623
100.723
120.104
103.86
105.214
106.159
81.8649
119.521
83.7619
104.727
123.703
105.944
101.641
110.608
103.182
102.355
105.285
110.508
108.402
98.7051
113.4
104.833
95.4089
87.201
133.386
120.834
99.8894
85.8254
76.6327
113.086
104.124
91.6018
68.6222
117.271
151.285
97.0224
88.3982
110.322
97.3435
87.6526
89.6164
100.963
107.648
111.037
87.7642
112.081
83.6973
98.1945
113.881
104.53
103.802
79.7104
93.7403
120.112
88.5568
101.947
91.1552
77.3645
96.2099
124.473
114.62
104.442
87.7297
103.664
98.5678
85.8287
103.956
105.97
94.0965
97.0169
93.4412
100.194
99.9751
101.429
76.2238
92.737
106.95
95.2587
99.9194
114.777
109.506
96.4021
111.206
94.3929
80.976
103.209
95.4274
96.0725
116.157
136.739
122.191
134.267
95.3248
103.691
94.7501
134.875
85.9601
100.229
116.306
107.523
124.349
107.796
103.973
123.444
87.5552
85.7212
106.072
92.5315
85.6911
100.794
123.723
98.1163
110.823
105.889
112.092
104.378
109.534
110.689
97.2247
119.893
131.405
99.7213
134.786
75.1918
86.7369
86.3259
90.93
119.039
94.9764
106.546
119.512
109.723
88.2977
113.828
114.215
117.736
110.677
113.166
92.2968
97.301
89.2378
99.9209
117.309
117.586
112.778
107.795
93.0167
106.024
87.2547
89.4926
83.8991
92.4245
118.857
130.859
86.5607
94.5128
82.4289
105.346
110.229
116.257
115.782
85.5488
90.2907
77.516
89.0167
112.805
115.861
98.8211
119.947
105.971
98.5396
79.5799
86.3163
90.2415
120.073
116.266
100.897
104.521
91.6576
125.212
83.0992
85.4137
81.3536
98.4423
107.802
128.894
93.7442
97.2243
94.0119
91.7969
101.998
105.734
92.416
110.52
102.082
111.18
100.466
85.6041
87.8813
78.9553
87.1539
86.8113
110.303
98.4253
130.082
102.573
116.193
99.8355
97.3491
89.3656
91.6706
114.46
123.003
90.2938
122.104
131.12
92.1962
96.1279
108.189
92.3755
102.898
91.5055
75.662
99.9108
85.5161
96.2043
104.797
84.7193
92.9767
103.528
80.7836
95.1144
106.112
102.898
108.4
119.942
85.6398
104.015
94.0533
95.1351
102.936
84.9978
100.104
85.9465
88.7594
103.095
104.627
101.614
92.9326
99.1522
99.6865
106.495
149.409
80.5476
79.9047
102.122
84.1763
89.2786
107.66
108.512
117.678
97.9266
80.044
113.197
108.309
98.1455
102.003
87.5497
83.4896
105.547
110.319
99.7799
111.232
100.738
127.277
98.2409
94.2218
86.8102
112.571
88.4739
99.9606
94.7342
124.55
115.215
107.534
135.9
101.099
108.756
94.7053
103.165
102.131
105.762
73.0483
92.6588
103.812
91.4056
88.3467
104.012
83.1939
109.486
105.916
89.713
101.149
84.9123
114.292
96.8312
85.4399
98.7838
95.2825
84.6397
96.8419
95.607
77.4289
84.3333
90.2738
98.3815
104.758
123.255
106.12
110.989
94.046
87.0929
83.3209
97.4705
95.2459
102.169
143.466
86.1694
85.4245
90.8419
90.6464
82.0257
105.739
79.8696
99.3079
87.4467
85.901
115.289
106.568
108.763
111.474
89.364
88.8935
124.165
84.3125
102.646
89.8621
88.4357
111.222
90.0122
117.248
108.292
81.7377
85.5687
93.7549
108.297
118.277
131.7
110.37
111.304
110.507
139.8
90.2412
100.152
121.385
96.759
108.519
99.9521
114.251
88.0185
119.415
94.792
89.6437
119.428
75.6074
99.0885
115.088
109.824
86.7999
88.7344
100.789
84.1357
81.6498
103.578
94.5731
101.932
96.538
91.699
86.0242
77.9831
110.415
93.5846
120.566
90.9069
103.699
99.4225
98.1052
95.151
77.9265
82.5623
89.1367
93.6754
106.334
133.267
84.8095
94.1772
89.9418
108.311
93.5245
89.2515
95.0636
92.0659
99.4616
95.0041
84.2946
131.844
85.6817
105.156
75.0319
117.877
112.76
107.121
112.362
102.132
81.589
87.2279
110.547
117.796
102.58
102.281
96.9254
89.4256
102.797
117.622
100.585
83.1556
98.4681
103.755
120.585
82.356
80.5632
100.535
99.8367
92.7035
107.25
98.1619
108.873
95.6565
106.433
105.304
88.9144
125.998
102.671
95.9257
112.64
110.556
98.4165
92.4808
133.734
96.1885
122.18
100.612
101.898
97.8403
79.3371
75.9321
93.5581
96.6574
89.0246
94.5388
116.198
80.6053
107.704
73.8826
79.9113
96.996
86.047
84.0039
83.7214
84.9144
95.7401
96.0486
101.334
86.2807
71.5137
106.368
98.1189
95.052
69.2948
101.607
117.662
92.6419
138.866
78.9955
80.4105
137.439
82.0622
100.865
82.3678
94.708
104.416
85.8904
75.5488
100.138
116.943
103.038
108.184
89.0319
78.7678
83.3
99.3188
127.738
99.7681
103.224
115.916
111.053
96.3182
100.979
97.5205
108.712
97.9274
100.353
79.8605
95.6495
93.1338
135.847
132.114
106.693
95.9601
96.2115
102.444
100.194
89.4454
97.5293
105.46
87.6515
91.5274
120.149
117.188
81.3215
94.7196
106.753
91.0869
91.2168
100.843
88.9486
99.8836
87.7742
84.8311
86.6003
81.5765
108.977
100.947
85.1195
95.3207
97.3479
114.898
89.6898
82.15
113.036
85.6996
100.443
115.233
87.3518
103.263
73.6252
81.8124
92.3005
95.3008
124.746
81.2437
94.2488
106.598
95.5409
86.2591
119.404
98.4611
128.215
95.0662
96.3453
84.8198
91.1033
101.439
82.762
90.9467
90.0959
85.5884
96.2569
88.0633
114.921
101.244
97.8857
102.89
87.5779
87.474
118.311
109.845
101.861
108.986
100.726
118.083
87.5814
78.5433
81.6066
106.703
103.549
124.43
98.3266
100.402
95.4476
138.309
97.3505
86.5377
90.952
117.792
113.8
80.7349
85.9914
115.379
92.2141
91.304
124.595
97.6036
82.6779
84.8345
73.3555
101.033
93.7688
114.399
101.883
90.3121
100.1
95.7086
87.7654
87.9293
87.5504
114.191
98.2489
101.207
92.9175
92.7987
91.169
83.812
111.634
98.9525
120.252
83.6142
85.5308
126.994
122.875
131.005
109.222
79.7683
94.7669
74.5363
90.0166
106.941
101.864
96.4597
72.2384
121.197
86.9514
105.204
105.979
100.069
72.0257
91.6604
92.402
101.696
114.177
112.669
110.99
95.1775
116.429
83.3863
106.093
95.6988
120.311
104.617
133.363
93.0166
100.321
92.8731
99.616
87.0823
85.9103
100.518
86.9746
95.7651
100.202
120.742
89.05
70.3545
92.1756
79.3655
116.753
103.934
107.463
98.3813
105.568
92.1333
94.5205
108.71
107.7
115.915
109.414
98.1536
83.187
77.9949
85.8562
118.838
88.3268
111.298
114.406
114.807
75.88
71.7057
109.984
94.4858
100.67
113.255
75.5828
96.8889
104.273
123.583
89.2858
106.166
92.2681
92.385
90.9856
90.5265
113.092
105.417
95.3157
105.19
104.8
93.8717
91.8682
85.017
97.3762
108.32
84.5316
98.5047
98.1393
85.2254
94.9593
114.298
105.014
116.748
81.8979
80.7759
92.3522
99.0396
109.064
96.8336
104.948
75.3347
107.695
88.972
82.1876
106.31
102.167
108.404
110.951
101.087
79.2247
101.944
122.264
109.743
87.9019
112.137
85.3913
117.878
92.4803
93.2752
76.5971
125.892
69.7638
69.6285
100.625
127.412
105.152
80.2627
99.2504
109.115
91.8623
101.973
82.1097
102.932
87.5862
107.538
83.8639
110.01
127.053
75.0771
108.014
89.529
138.211
115.276
101.264
85.9205
121.516
100.743
102.884
81.5337
91.0619
95.3781
99.0733
123.476
91.208
108.032
93.913
91.8429
88.3486
126.093
88.9189
94.7926
112.826
106.486
104.575
97.8699
88.9946
125.185
85.819
110.328
90.8103
106.798
117.02
106.156
98.8775
99.1714
101.548
98.3982
121.035
111.411
125.468
90.3195
104.52
85.636
125.246
97.4069
102.345
107.377
122.975
83.0281
98.0913
95.8011
110.667
94.6546
86.8285
113.901
87.0426
100.959
109.038
123.136
138.671
104.026
96.432
118.595
83.0888
132.855
90.4903
109.604
89.4614
112.746
112.052
68.4297
108.263
94.3899
84.4524
99.924
108.446
74.0154
115.51
110.588
103.614
114.507
80.0861
72.3953
98.1416
76.6781
104.35
98.6613
100.967
102.256
85.6287
109.102
86.9766
106.837
84.4108
97.2484
87.1322
93.7748
95.219
91.9009
113.973
96.0215
95.9106
129.721
97.1311
114.589
81.2133
107.578
77.222
76.2645
80.1189
90.6171
91.469
104.589
85.8982
100.53
93.5242
94.5478
84.2176
89.4507
115.4
100.057
91.0267
110.776
91.0666
99.2991
102.702
111.28
95.7781
81.7011
111.14
109.255
112.839
79.8869
110.349
111.418
101.135
113
100.628
91.6728
91.9867
92.6357
90.2027
119.848
105.563
99.7981
83.9611
82.6662
95.4736
84.5228
83.8094
120.858
107.734
85.8101
91.572
95.3384
87.5184
104.319
107.275
97.4098
112.214
90.1381
113.345
81.4553
110.023
77.1551
115.637
111.176
149.758
95.9833
99.2218
84.6617
100.447
110.996
109.262
92.92
104.354
87.1592
96.7372
101.858
143.688
129.56
91.2311
85.9361
95.2521
86.7046
91.3591
94.2357
112.657
90.3273
97.8823
104.232
97.174
92.015
93.0611
74.9929
95.8149
106.005
100.543
76.6816
98.7594
104.128
114.917
105.887
97.6393
94.5007
94.0405
85.5279
82.6939
105.938
85.5915
100.889
104.435
95.8458
93.5326
84.7134
104.695
154.456
107.024
87.8262
84.8594
102.248
130.17
107.172
104.927
127.433
79.0945
103.988
73.4629
119.91
114.445
117.685
80.0969
107.586
102.785
93.6736
95.9651
99.7023
99.3007
92.4825
86.6768
86.3172
100.129
90.4855
119.063
100.377
103.989
90.7623
104.57
101.991
100.371
89.5141
106.335
78.3552
104.778
118.315
101.282
98.2791
80.0698
104.938
116.779
114.288
112.856
80.2532
106.946
75.4993
82.6105
109.354
105.892
121.811
78.7413
85.1629
96.2004
103.065
91.5967
110.892
108.283
127.98
114.284
80.9784
91.1461
92.6321
88.7674
90.2614
104.372
95.5264
139.64
87.4033
73.8629
78.4322
103.303
102.934
105.928
99.665
94.6194
110.689
99.814
97.0048
89.4704
88.941
95.9136
88.2343
101.867
114.705
106.309
97.6683
129.295
99.6162
79.8379
115.148
102.308
108.831
87.4152
104.633
137.429
93.293
103.815
106.84
127.418
108.201
88.8605
77.157
121.576
95.6854
89.3059
134.821
87.0874
91.6885
79.4154
86.9528
104.416
85.5035
106.152
117.735
129.39
111.465
124.226
92.434
77.1132
81.7249
93.4059
86.2351
93.0903
100.548
108.362
96.1623
107.105
80.0306
109.035
88.804
87.5241
94.361
108.022
98.9219
119.359
112.726
93.9332
84.0715
111.484
78.5737
116.743
115.769
97.3388
113.899
99.0429
128.149
100.179
101.33
86.4072
100.994
104.75
85.7308
96.0667
125.228
108.16
109.408
76.9402
97.4003
85.7855
118.393
104.627
107.478
113.054
91.8075
101.151
82.4681
110.563
114.91
106.538
81.6471
102.587
92.0204
93.2033
85.0848
95.4416
101.018
86.1922
84.0983
113.111
98.7003
100.036
109.669
110.75
99.7971
139.605
115.276
108.135
80.2892
89.9632
106.804
106.09
149.484
86.2833
109.828
100.191
107.119
89.5544
88.1552
97.1185
106.884
113.625
100.503
90.7736
102.134
88.4448
106.123
102.799
104.592
108.424
120.585
82.7682
113.424
109.536
98.9152
115.18
105.589
79.6624
113.702
115.9
113.021
104.385
83.1989
121.142
111.632
97.5092
94.8847
102.183
120.838
112.369
96.9645
100.42
77.5727
99.1562
95.1614
91.9197
97.1368
106.256
102.682
102.868
98.1957
95.3435
132.716
70.8619
72.9181
83.8288
103.079
115.477
94.8608
101.81
91.8397
101.379
109.269
88.607
99.8364
96.0817
120.699
120.882
97.3951
89.8947
96.2909
89.5452
89.2479
113.542
115.541
103.347
89.5603
94.4897
110.365
98.3957
105.394
113.565
82.0012
92.6689
92.3507
98.1767
102.158
84.0566
92.2622
113.484
77.2437
96.2823
110.112
88.1324
111.248
132.825
114.626
110.586
81.2175
100.355
106.258
84.3153
110.669
113.472
113.066
94.1509
102.322
104.251
94.2829
96.9837
85.3586
87.3891
106.842
106.118
122.657
112.16
113.212
76.0319
107.359
73.6708
74.6664
100.702
106.195
99.912
103.099
99.8017
107.8
102.813
101.802
97.9181
123.881
119.617
107.514
115.448
107.007
82.9446
81.0421
105.455
113.783
102.339
77.7397
77.402
102.935
95.567
105.008
90.5902
69.4186
111.039
120.262
114.295
107.239
96.6743
99.0539
82.5302
111.429
108.059
104.051
93.4712
94.549
100.956
102.705
81.5494
100.201
112.575
125.805
90.0271
111.211
89.8181
111.107
103.451
79.8166
81.4462
87.8214
115.32
82.4147
93.8792
139.682
93.7397
82.1163
91.7467
121.058
86.5272
78.3073
106.956
74.5279
114.85
89.0056
80.0153
87.6908
101.83
112.587
94.016
105.513
92.9966
87.2486
105.903
99.6839
88.6212
90.9379
93.2113
100.73
120.719
107.526
100.483
95.4082
100.422
92.6907
101.352
99.6682
98.6196
104.733
122.371
100.731
95.2366
114.816
122.146
94.2135
90.6224
93.2383
101.956
107.976
91.8596
109.464
84.8301
94.317
99.9344
100.329
138.173
94.3804
94.0308
114.049
112.009
87.1218
87.2803
83.7281
71.348
80.8761
81.877
117.045
87.9035
102.819
93.5419
134.149
107.89
107.931
99.0588
101.771
104.674
103.095
91.665
76.3566
106.499
100.577
105.067
78.8712
87.7566
96.4114
94.5369
95.8257
100.253
92.9548
88.3081
109.448
97.5864
87.4557
94.0989
114.432
120.099
105.947
70.0502
109.693
82.7958
103.539
107.983
100.408
88.4256
88.1408
99.2346
94.7826
108.328
111.131
87.5018
107.374
95.6057
96.059
95.0397
98.8831
127.826
117.933
76.591
102.489
91.258
83.7387
98.934
99.9029
107.223
99.4425
95.4948
103.785
90.1839
98.4192
103.937
109.625
87.9121
104.02
112.221
85.8809
93.0117
107.435
89.8943
91.1114
106.427
82.3322
112.991
100.864
94.3103
106.261
96.269
99.4496
109.885
88.474
78.782
81.5133
103.374
101.041
116.861
111.892
114.724
95.8513
94.3299
90.5884
93.8128
91.3835
93.8358
87.6681
105.465
168.573
84.5647
101.574
99.6691
75.1355
114.518
78.8357
87.3282
98.6034
93.4976
96.3524
101.767
105.237
82.0518
102.671
108.048
106.451
98.9691
94.3081
108.463
125.899
127.551
106.56
64.8959
113.316
88.7053
84.0777
100.24
92.7587
94.1472
92.2265
83.3676
111.641
116.616
86.1153
84.5314
91.6303
97.4823
90.7216
111.15
106.916
98.0461
88.4934
82.508
106.849
88.6483
113.835
116.148
85.3138
90.5834
112.149
88.2228
88.5463
107.094
111.606
106.112
95.9882
92.7444
90.6742
92.2491
102.605
101.766
102.26
91.4782
98.3769
105.259
115.816
101.894
89.7067
117.178
84.7719
105.02
120.614
98.5239
85.4038
120.321
111.587
127.566
110.178
102.985
100.334
89.8601
99.9576
73.1512
98.4614
108.999
109.09
98.9073
81.4607
96.7175
95.8138
105.181
117.37
99.1147
89.1496
100.124
114.17
109.507
80.4465
116.104
109.54
93.8816
106.835
106.729
77.1704
109.108
89.0032
85.2711
82.1683
112.493
100.836
89.8252
86.0365
112.863
104.475
82.17
97.0262
124.78
74.3138
82.402
95.6685
115.337
96.9683
103.088
79.5558
136.389
70.7814
101.617
81.5195
113.391
78.504
116.079
88.7384
103.246
84.8966
130.619
82.7903
99.2246
113.638
107.489
84.033
105.837
120.668
125.326
104.975
104.477
91.4195
91.9734
109.117
96.9654
106.415
98.1157
85.8654
92.1439
105.255
98.0002
79.406
83.5155
85.3653
111.242
118.327
102.297
99.178
111.452
78.1233
91.8843
108.31
82.2964
87.5605
109.116
94.3804
96.428
83.8129
96.4231
87.0712
90.7698
70.6172
90.9021
122.643
103.292
92.3512
111.233
95.7138
77.1051
95.672
81.9315
101.336
97.4128
82.2471
81.6356
85.8603
92.2714
96.5631
106.158
92.794
96.5469
103.474
109.753
111.686
78.6678
108.035
111.164
95.4652
99.8194
93.3238
106.998
89.548
119.375
106.462
110.328
114.616
94.5073
129.976
90.3687
96.0198
97.7685
120.193
95.3024
78.0074
92.9965
107.789
102.509
114.047
84.382
96.0135
95.2179
109.447
122.541
130.303
100.347
79.3295
111.167
75.6508
77.863
77.4961
87.7277
112.478
85.6502
97.8028
124.496
91.8171
108.323
96.8682
89.9058
104.034
114.195
131.175
97.6009
83.8194
78.4587
116.618
89.6846
109.844
93.8046
106.043
95.1327
89.5293
94.6556
86.1898
95.0102
80.7314
110.392
100.594
121.472
88.66
111.918
78.2425
72.5295
122.74
123.514
104.829
91.7537
138.301
93.6345
118.939
101.313
95.7932
83.0161
91.6372
93.2278
123.284
117.923
77.5264
88.6981
91.2324
116.183
98.4656
99.424
82.0197
88.3965
93.628
83.4661
96.6808
93.2307
93.4891
82.127
139.137
97.3843
108.321
110.659
117.432
103.102
97.529
80.4499
116.787
136.658
103.237
91.9434
114.567
75.0189
130.459
114.848
97.6856
94.0031
84.3092
106.28
89.8007
115.346
110.916
127.181
103.176
103.285
121.522
93.2235
86.3784
98.4976
122.21
100.201
94.9524
107.349
88.1306
113.651
96.7333
117.32
112.242
101.504
114.732
73.2614
98.4341
108.666
83.6
98.5548
100.869
86.2446
120.411
101.447
107.71
100.618
125.121
84.1974
81.0666
100.086
109.8
96.1002
124.341
117.138
124.778
93.4534
99.378
94.9821
104.377
127.746
85.5204
109.94
84.2588
92.3886
84.2603
94.2551
97.7332
114.996
89.5114
109.26
90.324
142.32
80.1814
100.125
108.073
92.9264
103.166
104.843
103.442
78.0184
89.2539
94.1678
97.519
84.8974
95.9936
86.2501
95.6166
109.983
92.7797
110.931
102.862
101.062
121.669
93.7071
108.942
99.8791
110.708
88.2131
100.702
93.6966
106.412
104.182
95.1866
101.433
109.092
82.4812
87.4319
102.764
96.1414
101.7
127.873
108.467
98.4372
130.255
81.6823
85.1463
101.038
81.2066
130.03
104.517
81.3078
89.2543
99.6658
110.689
94.2967
126.728
93.3162
106.548
79.6736
73.9515
83.6186
102.146
89.929
117.716
95.7868
99.4088
105.369
105.624
100.147
107.503
119.3
105.318
99.6682
104.79
121.746
96.4174
88.9445
96.2519
110.109
92.0172
113.935
98.1337
95.8125
84.9965
136.165
90.6459
105.894
102.515
108.417
103.317
105.626
113.483
99.9411
78.8095
93.747
80.6566
114.109
109.997
97.2165
101.345
89.8816
87.8799
118.215
95.419
108.694
116.799
95.8801
138.868
108.89
96.2945
98.0469
90.3584
105.52
103.902
89.9747
101.749
87.9531
84.8471
107.743
84.7064
104.944
99.1083
92.8977
107.727
97.8008
118.264
85.5167
85.4327
112.33
99.6028
93.1735
83.7771
90.7565
78.5988
106.328
107.099
88.5496
82.2585
77.4779
98.5805
85.1173
93.0905
71.382
152.33
81.4087
76.2919
109.051
103.274
105.772
109.234
91.0655
110.311
71.2995
106.735
93.2202
121.507
106.732
103.296
99.6051
102.272
83.8468
86.012
80.8398
93.8753
84.7543
87.1919
90.2583
108.133
96.2761
85.4927
77.6309
106.594
100.113
108.294
105.29
87.9918
115.286
88.4539
103.166
129.125
105.616
112.899
96.7614
87.8433
97.4581
92.4531
111.593
105.777
121.137
98.8457
89.0394
94.1423
77.2117
91.7059
100.759
110.031
95.0677
88.7998
100.242
88.8271
64.7669
100.946
107.379
110.976
110.893
107.127
95.6459
113.194
109.481
96.1624
118.249
101.974
88.0753
114.794
97.9975
97.8931
92.3506
102.321
92.6889
95.9668
115.591
111.006
119.548
98.4914
106.092
81.814
83.2522
73.6062
92.5941
129.963
92.655
79.88
96.2835
91.3935
81.6683
89.615
113.296
98.2341
105.821
95.3094
115.587
95.5609
86.6353
103.53
125.596
111.378
89.9683
109.177
89.0072
104.458
80.7133
97.8919
102.246
129.406
85.6339
112.135
127.939
106.895
90.4481
89.6553
92.5743
106.064
110.75
97.9391
113.166
73.3633
74.239
97.7235
80.5652
116.812
117.634
105.176
111.644
85.8576
73.9776
84.1734
129.906
95.8523
122.216
125.96
80.4016
85.0503
83.8283
106.198
94.1949
83.8677
133.717
109.372
115.72
105.559
113.978
105.811
83.8753
111.837
112.82
114.113
90.6686
83.6474
104.671
93.5467
113.863
95.8794
115.351
110.102
104.005
101.366
132.726
85.9124
90.0546
97.3433
91.4709
96.7934
94.2835
97.5592
81.4584
103.975
92.7206
119.842
82.187
103.077
106.342
85.2279
81.5376
85.3196
85.4627
106.406
88.6086
83.1008
108.78
124.116
106.134
99.3412
84.3467
87.814
102.483
113.778
105.164
89.2248
110.332
103.263
114.341
110.464
130.938
120.493
118.672
95.3279
128.397
94.4026
125.292
74.5605
139.376
76.5369
111.561
89.4036
109.288
121.198
133.345
81.1056
109.008
98.3176
114.198
106.599
98.7495
107.116
107.459
82.056
103.301
82.2315
118.83
99.692
91.4904
92.924
82.417
108.877
94.5515
104.955
100.066
78.2452
93.4405
112.083
106.025
118.28
75.8654
87.2971
91.0001
79.2524
67.5188
85.6459
108.657
115.847
102.779
109.675
107.525
91.4842
91.0056
77.9938
86.3758
87.2093
105.371
104.693
123.145
96.343
105.998
121.673
97.3294
78.166
102.026
109
105.819
117.249
99.0021
91.6432
85.2997
106.889
93.5147
103.499
90.3429
96.5076
101.153
110.64
90.0176
86.5558
104.108
122.778
101.296
76.4572
99.2242
95.5588
105.281
107.838
103.464
96.4203
95.4837
113.271
92.4528
93.3922
91.0323
102.7
116.838
101.596
89.3473
90.1547
131.837
124.683
78.3927
102.984
123.404
85.6269
84.734
77.8262
85.3509
103.815
113.748
82.2445
86.614
100.618
75.4948
79.2064
90.8648
117.212
68.1474
124.523
91.5922
90.4049
83.8143
100.266
90.9101
112.955
89.9131
77.0251
105.068
88.1897
121.701
107.526
80.0291
104.693
119.216
86.7347
94.3577
94.6577
92.9875
100.442
93.6641
82.7301
111.943
106.415
113.335
104.743
118.201
88.9865
81.1783
99.8871
88.4146
114.175
78.6254
101.705
111.609
79.1807
88.9158
98.1805
94.3195
104.726
94.1135
90.6645
80.235
115.665
97.1908
96.7958
87.5053
84.7582
93.5259
89.9528
115.668
83.4806
103.227
104.875
91.5418
91.9127
94.8235
96.8515
89.2152
92.3226
90.3127
104.633
104.299
106.243
88.58
91.5067
100.301
101.629
86.5858
98.329
83.5621
84.1997
138.022
96.3786
90.9566
91.6327
87.6333
82.3185
111.254
102.356
92.0878
84.6209
98.1946
91.4137
100.988
114.548
85.6449
98.7293
106.444
90.8172
86.5787
105.054
97.5596
121.715
89.4072
85.1252
83.8893
102.56
92.9
101.238
97.5452
98.5056
93.8347
80.9345
99.2453
96.268
87.8247
83.3164
99.3917
91.4177
104.941
135.722
79.1123
86.4993
85.9247
83.5253
109.36
104.6
97.5253
87.8106
123.306
84.1407
83.7229
106.74
90.1191
90.2092
88.0388
96.926
94.7092
109.599
87.6009
86.7755
96.6935
109.726
120.954
98.8727
81.7057
97.3235
86.2915
101.111
103.905
82.1356
102.14
100.344
91.5888
100.61
114.261
99.3531
106.719
103.575
96.2661
97.5516
95.7763
110.523
95.5555
100.031
120.151
106.234
95.138
94.5238
88.6065
94.3139
99.5758
122.648
88.3206
104.681
100.583
79.5571
84.5537
100.957
122.3
111.165
100.837
100.803
76.2196
103.468
108.174
107.923
119.877
103.899
111.012
87.5017
79.7566
112.865
85.9446
95.0173
83.9793
109.331
114.92
91.3649
83.9423
95.8239
122.476
111.571
89.7489
105.882
84.2389
81.5833
81.9966
117.093
91.3139
86.9401
117.866
109.374
109.954
110.364
85.0596
92.9757
110.671
85.7859
92.4979
73.9843
107.167
96.3881
109.836
116.77
73.4512
130.865
87.6978
67.5009
103.689
82.6794
96.4249
108.82
82.9144
73.5468
108.136
111.346
105.556
109.376
98.2139
108.444
77.4348
80.1336
100.97
99.114
115.695
122.684
71.6441
118.154
116.259
105.785
100.014
88.3497
96.4975
87.7747
86.4548
98.2494
81.9591
101.135
105.96
99.5949
100.329
106.399
86.9311
108.549
127.023
86.7901
116.732
93.0026
89.6706
96.4689
78.1667
92.7236
114.051
119.448
87.9346
108.818
99.7541
95.7343
103.247
93.0326
93.7985
91.0857
86.4318
93.0485
131.406
109.169
117.171
91.8678
108.763
142.299
82.3916
101.51
91.8436
94.0815
104.001
106.485
110.509
101.359
98.9242
89.1348
93.8049
116.476
83.2564
97.1071
89.0667
90.643
116.39
129.418
121.584
91.0091
98.7861
100.007
86.7741
97.9748
99.8829
106.349
99.4425
103.369
84.6187
103.667
93.6565
86.1199
102.863
75.1665
101.217
102.925
88.7529
113.486
102.042
101.315
112.087
100.276
102.993
102.266
91.4295
105.122
102.749
89.7514
77.8323
114.402
80.9514
107.38
95.4725
81.6906
89.5072
98.1675
100.299
99.3885
89.068
97.7497
86.566
112.041
90.5181
89.235
95.4715
104.408
87.7253
84.5601
93.802
86.5148
96.741
104.468
91.8925
88.3379
89.259
110.439
95.31
109.433
101.461
98.9188
92.8887
95.6713
114.468
71.2629
114.616
141.622
89.2495
114.427
127.445
98.6117
111.29
132.665
101.059
76.6236
103.107
107.419
98.8862
112.163
92.8012
99.0352
111.054
99.3925
92.9656
83.1592
70.5432
97.6865
77.5524
105.031
100.366
113.859
80.7825
90.8699
96.0633
81.5777
89.3497
120.34
74.2033
124.512
78.1616
110.56
63.02
118.791
76.9664
103.522
92.7945
121.703
88.6929
95.9377
73.5683
97.8073
107.652
85.0853
116.482
76.4937
94.2826
88.2505
96.621
92.6475
90.575
81.2645
96.8667
103.139
107.027
117.791
112.703
90.2035
108.545
100.722
118.096
111.94
109.749
105.522
95.7739
93.5337
90.9533
101.249
105.504
87.0056
136.149
99.4671
136.369
109.642
92.4239
104.535
103.595
82.2988
81.5031
93.5992
86.4332
92.8219
111.238
117.906
83.4
102.104
100.281
105.554
103.309
98.1569
91.5215
102.707
125.045
84.7094
95.5471
85.1019
103.444
112.783
95.5668
107.537
114.755
78.1013
109.625
102.584
119.816
114.573
84.6224
89.8784
93.0868
95.8407
95.0648
89.0466
105.962
84.3234
96.1969
81.3558
100.818
96.1932
97.0143
122.96
101.823
121.319
96.3802
87.2023
98.3559
88.7594
113.059
105.988
115.812
95.8013
71.1388
112.295
108.776
91.0129
104.543
100.565
115.549
114.729
89.9916
101.066
100.326
98.6927
103.156
106.323
112.07
138.887
116.807
83.8279
95.8715
113.014
82.9292
109.506
75.3583
67.4702
118.987
88.4858
96.8087
91.803
110.237
126.158
89.6956
95.5586
86.6036
110.428
90.8945
107.733
94.0422
97.7814
94.3529
101.811
104.176
109.456
104.978
100.442
96.303
93.7983
101.513
90.3516
120.973
86.7598
118.5
87.6417
90.5797
106.258
115.016
113.381
81.4119
82.5245
110.762
89.2661
93.7908
105.208
83.4043
105.817
94.9945
93.7213
122.538
93.0428
100.752
108.309
84.5736
94.6812
91.9437
84.6917
101.882
88.5706
88.161
102.292
94.979
104.281
101.704
102.161
102.625
104.181
84.0673
88.4561
117.259
100.075
109.733
97.5422
104.298
94.0518
94.8884
86.8945
86.7629
92.5518
121.974
84.0347
114.513
95.9855
87.7719
110.689
86.6639
96.2135
78.3301
78.2465
97.1361
115.083
111.799
114.19
90.2032
85.5149
111.287
90.9554
106.548
132.256
90.9535
134.722
92.6484
103.863
94.349
101.364
111.193
116.88
129.187
93.1355
85.4715
96.8461
107.522
106.536
89.5046
109.528
108.582
98.5659
78.9139
94.8423
120.031
92.8804
81.173
102.966
119.92
97.6103
85.4133
79.7401
103.081
126.963
104.03
101.518
95.7491
113.609
86.5172
86.5286
72.2653
133.512
106.439
93.4131
82.6924
104.978
130.762
80.3
115.146
95.3734
82.9024
101.102
89.6815
93.3299
83.4919
83.5869
97.3973
102.954
94.646
81.8859
116.268
102.535
87.9829
89.9016
95.543
88.9856
105.739
113.207
107.184
103.098
80.1656
105.585
83.8156
82.3933
99.0373
91.1959
108.533
107.025
102.54
81.1533
120.287
89.4945
106.699
97.2472
96.2079
94.3264
131.327
106.582
113.435
91.5192
97.8567
112.941
100.052
83.9326
87.2436
97.2868
84.4648
101.011
97.6187
113.987
126.959
91.2692
111.15
105.326
83.6645
82.6189
97.4724
88.6055
101.925
99.15
103.834
97.4157
101.541
113.818
85.0588
102.716
92.529
98.7755
92.8873
100.174
107.324
115.582
96.5273
90.516
128.451
120.747
105.337
102.549
106.538
125.398
91.4431
110.46
104.681
111.579
101.549
95.2064
98.548
100.424
105.418
89.3052
78.4012
116.676
94.3256
87.9261
104.239
105.781
107.01
90.8206
90.9273
109.408
119.837
110.091
105.768
96.813
111.629
91.5952
95.5509
108.94
102.652
88.0481
91.7491
117.577
125.407
106.934
113.989
76.7328
119.473
87.9483
83.7987
121.936
123.054
97.8517
74.7523
104.199
100.7
103.227
104.111
103.394
112.445
108.433
97.5628
130.49
95.5421
104.552
76.6101
91.8989
82.2906
98.0917
92.9751
97.7902
143.63
96.5156
125.116
97.9595
99.9375
101.315
133.136
109.281
95.5214
97.3562
80.9769
94.1742
94.3408
126.546
95.6509
97.9523
103.615
95.7102
79.5165
111.848
104.35
103.352
99.4296
103.618
123.059
112.547
107.966
102.581
100.176
101.311
92.3961
120.527
109.517
95.865
104.861
107.005
88.9693
124.994
79.3902
117.85
88.8386
106.756
102.216
95.2102
98.7161
111.693
92.9287
91.3566
103.839
137.35
162.893
98.0419
92.3324
95.9367
98.8699
116.115
102.297
119.342
115.627
112.499
106.719
108.378
103.191
119.485
80.6032
85.537
133.859
124.421
113.388
98.315
98.4435
92.3604
109.891
87.5561
110.656
87.365
117.29
85.6674
101.908
145.698
103.028
111.632
96.1249
97.6513
106.405
102.41
97.8118
126.817
90.9353
89.7284
89.4022
91.0234
98.9698
96.8613
90.9836
99.2535
96.5384
96.0294
86.2359
103.745
108.4
90.1894
127.251
119.164
103.663
91.6863
98.5576
98.8605
104.847
66.9323
89.3109
83.1477
112.044
135.886
86.3521
93.444
91.9975
109.819
115.713
99.9666
117.42
112.505
110.217
94.8697
104.705
81.5286
100.25
82.0846
98.7811
98.1075
87.2169
81.676
141.969
85.6381
101.947
108.292
93.5667
101.217
105.883
131.92
111.042
95.8359
104.346
99.4275
119.459
98.4777
78.1739
90.4189
122.508
90.1759
81.7233
88.7518
106.125
103.03
96.7152
91.7067
93.5068
92.1669
117.497
129.073
93.5895
80.1095
121.138
90.6398
82.977
95.0798
86.1524
104.81
117.49
121.038
79.8967
89.3728
88.9609
91.967
97.7388
88.2204
86.304
92.1618
92.8151
85.572
112.237
68.952
88.0713
108.843
93.002
119.932
76.7058
78.8274
109.367
99.9803
101.882
93.817
104.793
135.158
84.5366
107.893
104.941
113.654
94.7629
99.7218
92.8467
85.4896
131.013
101.461
120.368
87.8219
110.899
88.9719
109.083
84.5311
113.08
95.0735
108.231
83.2819
110.021
111.265
85.1045
88.7698
99.4053
98.4891
94.8478
108.1
107.015
83.7489
80.2891
104.616
92.7754
88.7947
80.6114
84.9394
99.384
85.1261
87.8988
81.9131
114.017
84.9069
99.4803
108.091
133.123
73.9133
111.046
112.039
84.8876
103.034
87.0423
95.7333
110.702
108.407
85.3744
101.983
84.5214
113.046
99.5498
109.56
94.3371
113.188
105.158
93.6396
95.9902
117.608
124.929
125.594
89.0243
112.881
135.805
93.9281
86.361
80.9558
81.0124
99.1573
78.9597
110.219
63.3787
118.631
108.07
102.509
102.004
110.602
95.7104
149.338
112.054
110.629
86.615
88.4868
92.5084
88.355
75.3511
99.369
97.8232
86.8335
95.1907
84.8725
85.6897
121.69
113.295
82.5728
107.598
89.7284
119.845
106.545
77.5933
114.229
77.9143
81.0109
110.32
119.82
110.281
102.316
71.611
93.8738
127.747
104.459
105.153
83.1667
84.5864
119.6
117.505
97.9404
119.154
99.5607
82.0948
110.48
116.423
89.0292
100.098
110.231
96.5251
103.457
97.8698
76.4427
124.967
95.3534
81.9657
107.615
112.69
100.344
95.017
86.2824
97.8728
90.3922
94.8531
101.468
114.287
97.0099
77.6704
117.289
90.6829
117.561
88.2288
86.3271
81.9519
95.5533
100.905
77.3175
123.024
93.1507
79.99
102.196
104.778
75.2941
112.488
87.3502
81.8301
118.243
88.5264
70.7152
110.652
84.2721
94.8914
100.488
91.0393
95.7565
107.659
115.915
77.2103
93.0041
105.583
87.9676
84.1983
108.814
