-36
-26
42
26
-12
-10
52
-40
-16
-6
42
-56
28
-28
2
-6
26
-20
16
2
-32
-20
2
-8
-16
14
16
0
-40
-46
-4
46
30
6
0
-24
28
58
-30
-12
52
-48
2
14
-20
4
-56
-8
-14
-26
24
6
-34
-62
32
56
62
-14
70
24
-54
-2
36
2
18
34
-20
6
44
18
-82
36
8
20
-38
-54
-24
-22
26
46
-2
-38
0
-28
2
2
-16
14
10
-32
12
-92
36
8
-34
-6
2
-46
-2
12
-104
10
-44
-48
14
12
-14
20
-4
32
6
-26
-32
16
-52
-50
-70
-34
8
2
36
14
-12
-2
38
-44
12
12
42
-32
2
-34
-8
-4
32
-38
-36
16
-24
114
-20
18
-4
-30
-10
28
-10
14
-28
72
0
-8
2
-18
-10
-26
-8
-36
-38
18
48
-22
20
-14
-10
-12
-12
-6
-10
46
-20
-58
-2
-18
14
-32
-20
-12
8
-64
-40
34
-10
22
32
4
10
-24
2
8
50
38
52
38
4
34
0
-18
2
-54
-30
-48
-4
44
24
8
-56
-14
-32
-2
-22
-18
44
-24
36
-12
-26
56
-26
8
-4
-4
-62
-16
20
-24
-30
-8
14
8
64
50
28
12
-6
86
8
-20
6
-4
26
22
48
-36
18
10
-56
-6
66
-24
-8
20
26
4
-8
-18
62
-36
36
20
26
-52
-22
20
-16
8
-38
-26
-30
-14
28
0
-34
48
-16
26
34
-46
62
2
40
60
30
38
-26
6
4
-18
-66
-38
-32
-20
-48
46
-24
-40
24
-6
10
26
-20
-8
-2
-36
-50
-26
-40
2
-88
28
-4
48
-16
-32
-10
28
-74
34
-14
-20
-22
18
-44
36
-10
-10
52
-6
20
12
-8
-32
-12
16
18
18
-18
30
38
16
26
2
44
68
-46
-32
14
-16
-14
-34
26
32
4
-12
-42
50
24
4
34
4
-44
-8
-58
-26
-24
-20
6
-6
14
-60
-22
38
30
-20
2
-54
-40
8
26
-6
-36
42
-12
30
-40
-36
58
26
-12
34
8
-24
-2
-26
-4
-18
78
-4
-8
50
18
-2
20
-28
8
-70
-16
-22
26
-60
16
-12
2
28
-6
-4
16
8
-18
-6
-18
46
22
34
-8
-14
14
-8
-36
0
54
-52
42
34
8
18
-36
54
0
-10
-10
50
-8
-50
6
-12
-10
-6
66
0
2
-38
6
-16
-46
20
12
26
24
40
52
-26
-50
50
-18
32
-36
8
-10
-22
64
-30
34
-42
-22
0
-26
8
22
42
-2
10
4
54
-2
-24
12
-38
6
12
-42
-8
-34
-56
-46
-20
-26
-18
-20
-36
-32
0
42
-28
22
22
10
22
-24
-44
34
-56
-14
-2
-22
-10
-16
2
20
-2
20
12
24
8
4
-22
14
-44
28
14
-12
-32
32
30
-60
30
-18
10
-38
2
-16
22
12
-14
16
26
-10
14
36
-12
0
2
20
0
12
18
-2
22
20
32
8
-26
10
-8
18
-16
52
10
-22
-36
-24
-18
12
-38
-38
8
12
16
18
0
-6
16
6
-16
-26
20
64
-68
16
0
-50
-2
26
4
8
-6
-16
16
12
-24
-14
36
18
2
-18
26
26
44
14
28
62
-6
30
44
10
10
0
36
6
36
-28
10
-92
4
28
10
-6
-10
-4
-6
18
14
10
-36
-38
-74
12
-54
-30
10
-12
-6
-90
4
-42
22
-54
34
18
-4
48
14
16
6
2
40
-26
10
-20
-20
16
-22
30
-34
-22
34
-38
-12
-22
-12
-8
-30
-2
4
-22
0
-26
-6
-18
8
32
-20
4
-16
-38
32
-40
-24
74
-72
-30
-34
22
2
28
-6
10
28
-42
20
30
28
-10
12
-26
-50
14
22
-4
-16
-18
22
2
10
6
8
-26
-8
-12
-48
-52
16
6
-6
8
18
-2
94
36
-6
18
88
-26
22
-22
70
-30
0
-22
62
-4
-48
42
-42
2
6
-6
36
-12
-12
-14
-28
-62
30
24
12
-2
-44
-34
22
54
-38
18
10
50
22
0
6
-12
-50
38
-28
-4
-16
14
22
14
-8
64
-6
-92
14
-4
-8
-50
26
20
-56
-30
-44
-8
2
-42
-54
-18
12
-18
48
12
2
4
-6
-30
38
-14
4
-26
-2
24
12
48
22
-2
30
4
-8
28
-14
24
28
14
84
2
-14
66
-34
12
26
8
-28
-34
68
-28
-50
46
38
8
-12
12
-20
-14
56
-14
24
-46
-2
8
-10
-40
40
22
6
-54
-8
22
16
-8
-38
-4
10
22
-36
24
-24
12
52
-18
14
-14
-2
-8
22
-2
-34
86
4
-24
-42
8
48
-22
58
-10
26
-12
-18
-16
12
4
10
-18
-42
80
-22
34
2
-32
-38
-30
-52
-18
-42
30
-30
50
28
-10
16
60
24
54
26
20
-16
-34
-26
-24
14
26
-16
102
50
-4
-2
-40
-60
30
-6
-12
8
-52
6
-10
36
44
-22
-20
-12
-6
38
6
-80
44
14
34
0
18
34
-18
20
-2
26
-40
-18
8
44
68
14
-12
46
14
-22
16
18
-44
54
14
18
-8
-28
-22
-80
0
-10
-2
22
22
24
-60
16
-4
-16
-24
22
30
18
56
92
20
-4
-30
-18
16
0
40
12
-14
58
0
20
