101.581
86.0109
117.548
108.946
101.372
109.363
81.9691
124.347
96.4374
87.6201
101.969
101.947
102.778
96.66
106.901
107.527
90.7011
72.4225
95.3679
124.336
93.0597
71.1538
141.854
110.755
83.0666
105.08
69.5283
88.2247
99.4569
114.557
100.207
90.2218
120.124
88.7478
92.5751
86.0188
80.6056
124.96
94.2036
115.34
115.055
131.262
114.692
110.22
106.573
92.1241
74.3222
105.812
95.7981
97.353
84.2609
110.94
104.313
78.6165
91.537
112.823
101.027
92.8215
96.408
89.5734
122.539
128.726
93.9222
112.449
105.066
91.386
112.793
106.294
129.88
115.533
84.2557
95.6997
90.8265
126.826
100.385
92.5554
99.5785
129.852
117.218
91.2114
99.3069
93.9587
78.6076
96.1948
112.62
121.558
97.5474
105.789
105.167
78.0428
86.9903
99.2154
102.898
105.03
94.8267
76.1858
104.765
106.533
105.944
104.832
103.948
98.8662
86.9053
86.07
91.1604
120.371
106.749
121.221
102.546
126.756
101.017
104.343
107.566
94.4417
88.608
105.625
149.372
83.0379
89.4247
90.0937
109.536
106.889
122.54
95.5948
87.8499
100.209
107.959
116.036
94.6858
103.372
87.2333
92.7369
90.7174
121.35
89.9372
78.3881
105.017
135.133
102.378
93.9225
109.064
104.668
96.6561
97.5401
94.2426
86.0288
110.615
123.346
114.455
108.472
92.9721
105.559
132.053
105.008
88.6011
102.251
127.765
84.7278
115.628
122.734
88.7281
90.6639
114.135
131.623
98.1534
95.747
99.4647
97.6712
107.017
89.8461
91.8923
112.956
101.414
105.566
94.5931
119.184
94.9581
93.573
99.6508
96.0625
123.987
110.171
110.617
92.9411
80.6291
97.5912
110.227
97.5953
74.7485
126.213
118.553
82.6236
99.8518
100.089
99.7685
107.454
113.222
106.006
96.7001
95.2697
103.441
88.6993
119.759
116.14
67.1286
111.219
89.8152
93.7012
90.0358
87.9555
89.4198
133.291
112.35
126.583
109.096
78.9686
124.753
88.7363
95.3702
73.9208
94.5762
111.989
108.207
104.582
91.2971
111.484
110.763
97.5524
110.911
93.9464
104.709
123.523
107.845
105.837
86.3977
108.687
99.0391
94.5198
69.0029
82.1684
110.07
121.203
81.2522
92.2183
104.96
93.1959
109.644
95.7262
96.2884
107.303
106.66
90.0862
84.8799
145.219
126.468
107.236
81.4441
101.744
92.7346
77.5852
85.8484
108.436
79.1585
81.8826
92.0019
103.56
97.2513
106.276
95.4808
100.996
114.763
83.6924
98.1967
142.045
118.759
113.575
80.427
88.6755
82.2578
99.5886
124.068
94.941
92.5938
95.5577
107.191
93.8107
120.485
115.79
95.2681
125.563
81.2934
106.684
89.0828
85.4486
124.363
93.3585
90.248
94.3838
89.4616
85.1687
100.189
113.769
91.1422
89.6049
108.578
126.573
96.7482
99.7191
111.745
86.1739
109.799
134.356
104.041
129.426
86.2931
106.429
97.5103
98.51
114.798
108.71
120.208
84.2897
116.888
101.867
114.865
104.173
125.231
107.855
95.6297
95.964
117.789
88.9163
113.64
77.5575
108.286
87.3875
103.932
88.8151
92.0496
111.617
91.2946
119.347
101.694
98.417
109.788
83.8038
107.914
106.799
103.446
78.5414
117.255
86.6926
111.751
104.754
93.6581
115.329
95.5959
77.0521
108.325
118.861
93.9364
98.2115
102.089
93.692
124.279
88.009
100.864
98.4479
87.1128
118.56
103.927
111.205
86.2098
92.6974
108.627
126.722
87.1703
107.628
112.773
98.4253
98.7075
93.4461
118.429
91.1792
100.141
94.5472
99.3858
119.05
107.152
90.16
109.857
93.2763
106.273
90.4742
97.3135
98.1626
97.252
89.0986
117.747
103.084
111.432
83.4214
91.545
98.7417
119.115
91.7684
106.87
88.9346
85.4935
97.7236
98.9191
97.3882
103.976
135.466
110.022
102.749
88.2338
112.194
137.104
109.606
88.1631
85.7719
90.6377
97.5471
101.492
100.883
89.8717
100.728
97.5101
105.962
99.2608
115.108
86.6326
96.4758
119.245
97.2385
110.846
100.36
102.762
99.4775
95.805
105.751
117.752
91.8218
89.193
108.693
87.9356
100.651
85.9574
129.38
79.7383
86.889
98.7598
81.8407
104.425
94.5611
90.4679
90.4068
81.251
102.247
122.167
99.0313
92.1819
90.2671
92.2637
102.17
81.7315
124.051
102.513
113.497
96.7348
123.843
134.023
90.4979
91.6133
120.972
101.042
99.3518
102.752
103.385
99.4962
95.7473
135.722
108.479
91.1698
97.4421
95.0858
106.142
89.7718
82.8452
114.109
95.1469
119.482
108.379
96.1357
88.2219
109.748
77.2265
113.948
96.4184
88.4195
90.9013
97.7685
121.416
83.9569
96.6579
107.239
106.744
90.9526
105.807
85.5192
95.2157
97.7629
136.423
117.154
85.6798
78.9646
69.8005
90.7112
107.798
119.504
106.726
99.8404
100.341
104.786
90.1196
130.176
97.653
94.0499
112.097
90.0069
96.6741
115.773
131.757
93.3812
109.116
99.5693
82.3871
112.883
107.115
105.268
93.9625
118.135
111.055
104.648
85.4812
108.22
95.9125
81.3177
96.9374
78.681
107.267
133.36
103.174
88.921
106.643
81.21
106.897
101.42
93.9407
93.1987
95.1545
94.7093
86.6856
111.25
86.192
84.1569
91.9281
117.455
77.8321
94.8393
72.3125
94.4427
104.665
100.671
100.512
99.8572
88.5668
125.515
114.515
99.0422
106.955
88.8751
111.356
91.7458
105.09
88.834
81.644
107.946
106.663
95.6068
113.853
104.979
77.8444
122.411
89.9315
82.4054
91.4422
85.7113
100.905
111.018
116.379
93.4081
88.1995
94.5533
104.454
116.19
110.851
88.4864
95.9655
99.5252
94.6221
97.9637
118.311
103.07
94.653
85.1357
93.4156
93.6024
91.1762
81.2199
107.506
81.9938
87.6276
100.705
100.913
105.124
83.637
113.577
111.81
78.5371
99.8319
110.34
83.2903
119.544
101.998
95.5466
119.661
97.9985
111.364
109.354
92.9381
105.465
105.453
91.4587
92.171
118.092
77.65
97.9739
93.0385
108.072
100.939
82.6993
99.6099
87.0759
128.739
88.0219
131.087
88.8397
82.0435
142.036
81.9766
98.9994
101.244
78.6654
93.151
103.826
90.7112
90.8234
92.7199
106.114
125.649
94.6411
95.3574
88.5923
87.5877
93.387
98.5366
96.4057
114.79
87.2191
94.6825
112.474
102.021
129.454
97.1661
94.4645
112.907
91.7845
97.1421
70.3458
98.9575
100.591
89.1444
108.802
100.157
98.3853
86.809
89.4353
97.9215
89.7623
127.155
89.619
117.676
85.1903
101.483
108.819
90.931
117.983
115.225
106.327
91.2941
138.283
83.576
85.5583
89.5651
100.915
100.062
94.8543
125.031
131.294
91.1527
92.4574
84.5738
83.2101
97.479
107.743
93.3265
96.8779
111.651
92.3504
121.565
86.873
114.251
87.603
97.554
110.757
113.696
143.682
97.5636
100.974
91.1905
106.072
126.133
109.014
100.124
102.253
107.776
91.8924
95.3307
103.395
103.237
124.014
121.734
111.217
90.8938
107.062
93.724
87.0903
106.365
93.4103
100.053
122.394
137.084
93.5606
92.2748
91.9267
140.559
124.973
84.9019
110.195
84.0829
93.5955
112.759
81.2642
95.1208
112.377
126.479
103.172
110.078
94.2675
105.038
89.4971
99.0116
117.299
116.582
97.8095
93.9925
118.477
101.203
123.232
115.696
106.029
108.802
117.153
109.154
106.494
85.081
91.2576
86.8994
91.9416
100.886
111.784
108.376
84.1538
100.04
133.939
73.9276
122.616
132.164
97.6295
98.8019
75.3868
75.4709
104.98
97.5925
113.423
126.1
109.594
94.7186
112.014
112.98
84.2441
131.109
76.8002
91.6473
116.476
104.086
90.0843
95.1498
75.4585
92.7782
99.9388
86.1223
86.8111
87.8678
102.755
95.014
124.643
97.7462
100.345
80.5021
87.5648
88.8642
85.6852
95.6167
111.159
122.211
91.5575
93.1496
70.8694
127.248
90.6441
79.5623
77.3087
100.057
122.142
126.542
81.524
94.7095
82.3493
90.6934
95.8561
87.427
99.0703
125.552
141.789
87.7219
129.6
114.823
85.3939
109.642
90.2756
106.235
116.031
99.5764
91.7776
106.262
103.64
94.9495
85.8616
106.822
105.282
91.928
116.086
95.5096
85.7376
119.112
88.9258
84.6472
100.918
84.3014
111.833
107.549
88.5251
82.0614
82.8087
114.05
83.9716
86.2759
110.022
128.894
116.918
98.4492
110.22
122.154
112.081
93.6692
99.1135
98.1686
104.911
104.26
88.4511
103.271
130.257
92.0705
115.825
115.147
103.08
93.7414
91.7254
80.5116
113.088
140.79
96.7303
120.745
95.2446
90.9866
102.289
87.8236
108.672
71.494
107.003
102.203
89.8144
106.879
90.2373
91.8287
94.996
93.9462
84.1715
126.312
101.327
84.978
127.238
93.8697
104.309
109.444
109.834
118.69
115.833
88.8972
88.2811
103.861
97.2579
104.896
113.045
103.798
133.421
88.285
120.351
107.887
95.9175
106.046
98.2933
115.978
101.454
93.5679
107.599
105.898
77.3538
99.2119
119.982
73.3275
82.2458
96.6442
83.2144
114.991
82.0612
102.091
119.021
95.9718
114.972
133.402
75.8827
95.5362
98.3025
91.0845
97.5071
97.2606
86.2508
103.505
103.471
102.738
96.3596
140.893
111.019
98.3801
83.7125
98.3539
